Id: "SH-125-G" Phi: "30" Scantype: "2Theta-Theta" Anode: "Cu" Wavelength: "1.5406"
27.00010 165779.109
27.02010 165902.188
27.04010 165210.828
27.06010 165111.344
27.08010 164736.547
27.10010 164577.312
27.12010 163960.062
27.14010 163255.141
27.16010 163639.984
27.18010 163354.203
27.20010 162495.656
27.22010 162229.484
27.24010 161536.875
27.26010 161667.984
27.28010 161183.391
27.30010 160428.172
27.32010 160841.734
27.34010 160064.875
27.36010 159726.344
27.38010 160499.297
27.40010 160104.484
27.42010 159421.234
27.44010 159206.656
27.46010 159681.500
27.48010 158680.203
27.50010 158944.828
27.52010 159088.469
27.54010 159209.062
27.56010 158393.344
27.58010 158662.453
27.60010 158358.609
27.62010 157088.609
27.64010 157646.906
27.66010 157595.812
27.68010 157314.953
27.70010 157880.297
27.72010 157216.016
27.74010 156617.844
27.76010 156890.812
27.78010 157596.781
27.80010 156593.484
27.82010 155872.250
27.84010 156553.938
27.86010 155545.891
27.88010 156246.953
27.90010 156189.938
27.92010 156207.766
27.94010 155782.984
27.96010 155378.609
27.98010 155072.812
28.00010 154958.781
28.02010 155538.594
28.04010 154698.344
28.06010 154134.531
28.08010 154476.766
28.10010 154997.172
28.12010 154721.906
28.14010 155065.188
28.16010 154047.406
28.18010 153870.516
28.20010 153462.453
28.22010 153736.391
28.24010 153701.172
28.26010 154201.453
28.28010 153749.422
28.30010 152947.406
28.32010 154749.219
28.34010 154393.219
28.36010 153474.031
28.38010 154361.344
28.40010 154612.672
28.42010 154587.938
28.44010 154479.344
28.46010 154160.844
28.48010 154904.828
28.50010 154981.797
28.52010 153666.062
28.54010 153656.656
28.56010 153864.969
28.58010 153574.453
28.60010 152821.500
28.62010 152013.641
28.64010 152079.734
28.66010 151056.812
28.68010 151440.719
28.70010 151313.703
28.72010 150758.750
28.74010 150527.109
28.76010 150474.359
28.78010 150682.234
28.80010 150945.016
28.82010 150345.672
28.84010 150330.797
28.86010 150296.141
28.88010 149596.031
28.90010 150531.641
28.92010 150608.109
28.94010 150776.578
28.96010 150374.750
28.98010 150062.391
29.00010 150400.359
29.02010 150444.812
29.04010 150807.047
29.06010 151200.750
29.08010 151333.547
29.10010 151719.672
29.12010 152195.594
29.14010 152738.453
29.16010 153413.594
29.18010 154342.656
29.20010 154776.547
29.22010 156305.781
29.24010 157481.281
29.26010 158460.891
29.28010 159727.203
29.30010 160748.172
29.32010 161330.656
29.34010 162471.750
29.36010 162707.047
29.38010 162838.469
29.40010 162505.266
29.42010 162317.328
29.44010 161524.422
29.46010 160701.297
29.48010 159853.594
29.50010 158137.922
29.52010 156894.641
29.54010 155168.266
29.56010 154177.531
29.58010 152668.406
29.60010 151544.781
29.62010 150339.266
29.64010 149118.156
29.66010 147705.406
29.68010 147321.172
29.70010 146674.547
29.72010 145680.609
29.74010 145291.531
29.76010 144942.547
29.78010 143866.141
29.80010 144227.750
29.82010 143454.188
29.84010 143509.234
29.86010 143134.766
29.88010 143111.109
29.90010 142598.844
29.92010 142498.391
29.94010 142731.625
29.96010 141875.297
29.98010 142229.266
30.00010 141424.656
30.02010 141174.109
30.04010 140990.969
30.06010 140576.312
30.08010 140435.922
30.10010 140225.672
30.12010 139942.672
30.14010 140196.656
30.16010 139230.844
30.18010 139780.109
30.20010 139828.344
30.22010 140012.141
30.24010 139206.641
30.26010 138260.891
30.28010 139186.219
30.30010 139260.406
30.32010 139144.703
30.34010 138035.891
30.36010 138536.656
30.38010 138134.281
30.40010 137904.078
30.42010 137544.141
30.44010 136963.141
30.46010 137663.312
30.48010 136932.625
30.50010 137305.594
30.52010 137312.703
30.54010 137028.594
30.56010 136499.234
30.58010 136689.250
30.60010 136911.047
30.62010 136536.594
30.64010 136454.141
30.66010 135557.062
30.68010 135792.812
30.70010 135406.750
30.72010 135709.984
30.74010 135257.844
30.76010 135466.609
30.78010 134998.312
30.80010 134815.672
30.82010 134760.953
30.84010 134448.734
30.86010 133929.547
30.88010 133704.375
30.90010 133659.344
30.92010 133942.078
30.94010 133761.141
30.96010 133960.859
30.98010 133875.891
31.00010 133822.750
31.02010 133839.500
31.04010 133736.406
31.06010 133022.859
31.08010 132211.203
31.10010 132799.000
31.12010 132763.391
31.14010 132746.656
31.16010 132184.062
31.18010 132296.953
31.20010 131788.172
31.22010 131699.688
31.24010 132198.828
31.26010 132347.266
31.28010 132108.422
31.30010 132086.859
31.32010 131991.266
31.34010 131821.641
31.36010 132102.844
31.38010 131578.203
31.40010 132222.953
31.42010 130935.867
31.44010 131261.266
31.46010 130536.344
31.48010 131138.109
31.50010 130125.383
31.52010 130109.266
31.54010 129561.875
31.56010 129390.758
31.58010 129677.375
31.60010 129594.938
31.62010 129053.055
31.64010 128942.047
31.66010 128049.203
31.68010 128048.977
31.70010 127683.375
31.72010 128085.312
31.74010 128091.336
31.76010 127857.461
31.78010 127516.648
31.80010 127532.984
31.82010 127539.672
31.84010 127772.898
31.86010 126895.727
31.88010 126718.469
31.90010 126929.445
31.92010 126700.422
31.94010 126700.969
31.96010 126009.672
31.98010 125540.180
32.00010 125942.867
32.02010 125429.953
32.04010 126181.984
32.06010 125703.148
32.08010 125562.297
32.10010 125112.945
32.12010 125077.406
32.14010 124698.672
32.16010 124918.609
32.18010 124018.758
32.20010 124563.023
32.22010 124848.578
32.24010 124496.938
32.26010 123942.297
32.28010 123992.312
32.30010 124194.609
32.32010 124015.602
32.34010 123921.945
32.36010 123619.414
32.38010 123177.453
32.40010 123543.742
32.42010 123481.594
32.44010 122954.961
32.46010 123051.234
32.48010 122573.266
32.50010 123085.906
32.52010 122341.492
32.54010 122749.406
32.56010 122392.695
32.58010 122717.781
32.60010 122586.656
32.62010 122580.219
32.64010 122623.891
32.66010 122417.648
32.68010 122366.336
32.70010 122369.281
32.72010 122159.031
32.74010 121830.359
32.76010 122368.695
32.78010 121496.438
32.80010 121392.359
32.82010 121688.133
32.84010 120718.055
32.86010 120815.914
32.88010 120953.008
32.90010 120496.609
32.92010 120143.867
32.94010 119445.797
32.96010 119987.359
32.98010 119975.305
33.00010 119679.320
33.02010 119744.578
33.04010 118931.914
33.06010 118783.023
33.08010 118462.695
33.10010 118248.500
33.12010 117910.062
33.14010 118155.594
33.16010 117374.773
33.18010 117711.562
33.20010 117714.453
33.22010 117468.680
33.24010 117173.164
33.26010 117271.984
33.28010 117926.617
33.30010 116285.219
33.32010 116356.336
33.34010 116401.406
33.36010 116208.180
33.38010 116636.578
33.40010 115855.750
33.42010 116042.953
33.44010 115702.062
33.46010 115712.781
33.48010 115416.203
33.50010 115634.391
33.52010 115709.750
33.54010 115755.195
33.56010 115163.242
33.58010 115190.805
33.60010 115105.953
33.62010 114124.984
33.64010 114051.922
33.66010 114752.328
33.68010 114318.102
33.70010 114128.117
33.72010 113755.328
33.74010 113944.516
33.76010 113662.039
33.78010 113709.438
33.80010 113444.547
33.82010 113525.289
33.84010 113335.586
33.86010 113322.648
33.88010 113104.734
33.90010 112769.727
33.92010 112317.852
33.94010 112956.633
33.96010 112190.961
33.98010 112305.203
34.00010 111693.258
34.02010 111392.203
34.04010 111393.094
34.06010 112093.555
34.08010 111643.492
34.10010 111677.203
34.12010 111344.359
34.14010 111550.344
34.16010 111376.617
34.18010 110797.594
34.20010 110529.469
34.22010 110811.008
34.24010 110427.281
34.26010 110204.602
34.28010 110193.797
34.30010 109908.586
34.32010 110408.031
34.34010 109434.070
34.36010 109407.484
34.38010 110081.211
34.40010 109633.023
34.42010 109642.766
34.44010 109093.266
34.46010 109415.977
34.48010 108949.922
34.50010 108487.570
34.52010 109010.203
34.54010 108508.953
34.56010 108321.406
34.58010 108417.203
34.60010 108560.117
34.62010 107790.383
34.64010 107832.375
34.66010 108063.023
34.68010 108433.898
34.70010 107773.680
34.72010 107340.766
34.74010 107801.422
34.76010 106969.055
34.78010 107276.844
34.80010 107512.633
34.82010 106672.430
34.84010 106537.438
34.86010 106665.320
34.88010 106942.422
34.90010 106085.430
34.92010 105974.531
34.94010 106497.914
34.96010 106218.938
34.98010 105650.977
35.00010 105454.500
