Id: "SH-125-G" Phi: "0" Scantype: "2Theta-Theta" Anode: "Cu" Wavelength: "1.5406"
27.00010 160431.531
27.02010 159779.359
27.04010 160484.859
27.06010 159858.516
27.08010 159693.891
27.10010 159528.234
27.12010 159594.484
27.14010 158935.562
27.16010 159452.312
27.18010 158845.406
27.20010 159081.094
27.22010 158217.047
27.24010 157955.312
27.26010 158016.859
27.28010 158377.203
27.30010 158487.484
27.32010 157935.031
27.34010 157670.219
27.36010 157354.781
27.38010 156707.312
27.40010 157177.562
27.42010 157186.047
27.44010 156295.281
27.46010 156716.438
27.48010 156457.344
27.50010 156224.500
27.52010 156730.516
27.54010 156034.281
27.56010 155495.672
27.58010 155538.875
27.60010 155162.156
27.62010 155558.875
27.64010 155570.422
27.66010 155097.875
27.68010 154859.188
27.70010 154903.438
27.72010 154701.125
27.74010 154550.984
27.76010 154188.969
27.78010 154320.250
27.80010 153637.375
27.82010 153660.328
27.84010 154136.594
27.86010 153946.125
27.88010 153793.562
27.90010 153470.625
27.92010 153110.406
27.94010 152707.266
27.96010 153646.156
27.98010 152793.156
28.00010 153196.531
28.02010 152097.953
28.04010 152219.750
28.06010 152285.875
28.08010 152376.328
28.10010 152334.047
28.12010 152041.250
28.14010 152203.078
28.16010 152225.469
28.18010 151700.250
28.20010 151554.422
28.22010 151900.953
28.24010 152267.547
28.26010 151508.922
28.28010 151601.625
28.30010 151105.688
28.32010 150796.094
28.34010 151224.328
28.36010 151167.734
28.38010 150428.734
28.40010 150425.719
28.42010 150134.438
28.44010 150015.344
28.46010 150364.797
28.48010 149873.766
28.50010 149974.156
28.52010 149209.906
28.54010 149531.656
28.56010 150089.453
28.58010 149698.031
28.60010 149873.625
28.62010 149331.234
28.64010 149153.672
28.66010 148575.484
28.68010 149007.391
28.70010 149011.234
28.72010 149435.516
28.74010 148285.078
28.76010 149148.328
28.78010 148342.469
28.80010 148238.719
28.82010 148131.922
28.84010 148270.250
28.86010 148462.078
28.88010 147919.625
28.90010 147969.500
28.92010 148094.062
28.94010 148339.922
28.96010 148274.844
28.98010 148204.453
29.00010 147855.328
29.02010 148915.125
29.04010 148431.781
29.06010 148994.094
29.08010 148335.562
29.10010 148906.219
29.12010 148678.406
29.14010 150460.031
29.16010 150495.672
29.18010 151297.969
29.20010 152181.891
29.22010 153787.547
29.24010 154620.766
29.26010 155203.062
29.28010 155636.188
29.30010 156538.469
29.32010 156952.688
29.34010 157360.547
29.36010 158399.391
29.38010 157851.766
29.40010 158717.828
29.42010 158396.125
29.44010 157770.500
29.46010 156233.594
29.48010 155688.609
29.50010 154215.250
29.52010 154227.781
29.54010 152331.156
29.56010 151000.156
29.58010 150049.719
29.60010 148686.297
29.62010 147593.016
29.64010 146784.547
29.66010 145804.062
29.68010 145164.875
29.70010 144613.516
29.72010 144199.078
29.74010 143869.125
29.76010 142547.531
29.78010 142602.828
29.80010 142495.250
29.82010 142224.266
29.84010 141508.297
29.86010 141406.922
29.88010 141248.453
29.90010 141348.328
29.92010 140673.406
29.94010 140079.234
29.96010 140314.250
29.98010 140106.219
30.00010 139795.500
30.02010 139587.688
30.04010 139018.000
30.06010 139221.844
30.08010 139128.531
30.10010 138441.734
30.12010 139467.609
30.14010 138845.359
30.16010 138837.625
30.18010 138063.312
30.20010 137261.016
30.22010 137804.250
30.24010 136986.812
30.26010 137442.562
30.28010 137467.078
30.30010 137392.062
30.32010 136720.875
30.34010 136307.078
30.36010 136710.922
30.38010 136169.047
30.40010 136537.812
30.42010 136875.500
30.44010 135778.328
30.46010 136531.906
30.48010 136305.906
30.50010 136091.625
30.52010 135673.250
30.54010 134761.734
30.56010 135673.906
30.58010 135169.984
30.60010 134976.812
30.62010 134434.703
30.64010 135190.438
30.66010 134708.703
30.68010 134636.750
30.70010 134133.500
30.72010 133955.703
30.74010 133955.719
30.76010 133537.547
30.78010 133441.953
30.80010 133586.656
30.82010 133284.422
30.84010 133164.484
30.86010 133241.797
30.88010 132940.734
30.90010 133450.078
30.92010 132991.641
30.94010 132913.250
30.96010 132589.516
30.98010 132764.250
31.00010 132887.500
31.02010 132353.750
31.04010 131948.922
31.06010 131783.203
31.08010 132245.062
31.10010 131841.516
31.12010 131708.625
31.14010 131516.016
31.16010 131204.391
31.18010 131340.844
31.20010 131018.570
31.22010 131147.656
31.24010 130841.164
31.26010 130751.266
31.28010 131060.062
31.30010 131213.500
31.32010 130715.422
31.34010 130878.641
31.36010 130562.102
31.38010 130562.500
31.40010 129786.469
31.42010 130527.594
31.44010 129788.195
31.46010 130376.172
31.48010 129926.609
31.50010 129726.023
31.52010 129842.453
31.54010 129472.188
31.56010 128819.539
31.58010 128980.406
31.60010 128842.961
31.62010 129014.062
31.64010 128170.008
31.66010 127489.414
31.68010 127434.727
31.70010 127619.945
31.72010 126774.297
31.74010 126772.438
31.76010 126896.172
31.78010 126635.008
31.80010 126520.812
31.82010 126417.266
31.84010 126457.242
31.86010 126481.430
31.88010 126420.203
31.90010 125844.406
31.92010 125809.375
31.94010 126162.336
31.96010 125808.273
31.98010 125407.617
32.00010 125569.359
32.02010 125044.953
32.04010 124988.234
32.06010 124301.961
32.08010 125072.633
32.10010 124911.859
32.12010 124924.492
32.14010 124645.164
32.16010 123917.266
32.18010 124059.977
32.20010 124303.141
32.22010 123466.648
32.24010 123464.602
32.26010 123867.766
32.28010 123651.258
32.30010 123589.797
32.32010 122319.391
32.34010 122855.742
32.36010 122780.602
32.38010 123208.250
32.40010 122581.836
32.42010 122870.664
32.44010 123150.242
32.46010 122525.734
32.48010 122260.633
32.50010 121639.891
32.52010 121685.180
32.54010 121995.547
32.56010 121622.953
32.58010 121706.625
32.60010 120751.227
32.62010 121256.672
32.64010 121283.578
32.66010 121397.070
32.68010 120930.602
32.70010 120549.961
32.72010 120334.273
32.74010 120216.953
32.76010 119861.617
32.78010 119538.461
32.80010 119661.711
32.82010 119909.312
32.84010 119664.602
32.86010 119497.047
32.88010 119381.281
32.90010 118747.445
32.92010 119023.492
32.94010 118901.344
32.96010 118667.883
32.98010 118831.109
33.00010 118257.562
33.02010 117857.273
33.04010 118502.688
33.06010 117898.305
33.08010 117960.695
33.10010 117363.328
33.12010 117616.289
33.14010 117364.281
33.16010 116925.570
33.18010 116741.906
33.20010 116848.688
33.22010 116389.242
33.24010 116248.086
33.26010 116255.859
33.28010 116476.242
33.30010 116329.695
33.32010 116127.023
33.34010 116520.898
33.36010 115784.820
33.38010 115750.406
33.40010 115608.531
33.42010 115572.539
33.44010 115362.438
33.46010 115132.273
33.48010 114835.672
33.50010 114826.219
33.52010 114907.969
33.54010 114614.562
33.56010 114156.883
33.58010 114184.227
33.60010 113830.141
33.62010 114070.773
33.64010 114065.062
33.66010 113735.078
33.68010 113719.289
33.70010 113455.172
33.72010 113269.320
33.74010 113595.961
33.76010 113040.102
33.78010 113103.859
33.80010 113409.898
33.82010 113454.773
33.84010 112814.430
33.86010 112273.242
33.88010 112136.633
33.90010 111580.789
33.92010 112227.773
33.94010 112467.836
33.96010 112606.367
33.98010 111948.023
34.00010 111531.773
34.02010 111246.508
34.04010 110965.328
34.06010 110866.047
34.08010 111242.906
34.10010 110986.195
34.12010 111022.742
34.14010 110758.602
34.16010 110020.414
34.18010 110737.523
34.20010 110460.094
34.22010 110175.664
34.24010 109975.672
34.26010 109859.734
34.28010 109559.133
34.30010 109229.242
34.32010 109690.625
34.34010 109449.797
34.36010 109272.844
34.38010 109378.734
34.40010 109025.781
34.42010 108952.469
34.44010 108569.188
34.46010 108413.484
34.48010 108543.070
34.50010 108528.078
34.52010 107815.344
34.54010 108459.156
34.56010 107718.367
34.58010 107929.109
34.60010 107577.594
34.62010 106881.633
34.64010 107260.711
34.66010 107137.742
34.68010 106700.586
34.70010 106968.562
34.72010 107094.992
34.74010 106573.938
34.76010 106893.047
34.78010 106627.180
34.80010 106561.648
34.82010 106128.523
34.84010 106093.422
34.86010 106314.867
34.88010 105842.570
34.90010 105849.570
34.92010 105476.555
34.94010 105286.570
34.96010 105580.109
34.98010 104999.195
35.00010 105270.984
