Id: "SH-125-G" Phi: "120" Scantype: "2Theta-Theta" Anode: "Cu" Wavelength: "1.5406"
27.00010 173708.859
27.02010 172960.844
27.04010 172414.250
27.06010 172681.656
27.08010 173156.453
27.10010 172497.422
27.12010 172367.312
27.14010 171576.016
27.16010 171420.500
27.18010 171884.172
27.20010 171361.750
27.22010 171294.266
27.24010 171107.156
27.26010 171127.891
27.28010 170587.688
27.30010 170731.250
27.32010 170725.250
27.34010 170227.359
27.36010 170279.531
27.38010 169629.719
27.40010 170214.672
27.42010 169953.391
27.44010 169621.344
27.46010 169242.344
27.48010 169469.047
27.50010 168770.562
27.52010 169095.328
27.54010 168797.203
27.56010 168685.438
27.58010 167967.562
27.60010 168077.750
27.62010 167979.406
27.64010 167411.391
27.66010 167542.031
27.68010 167032.547
27.70010 167001.281
27.72010 166609.281
27.74010 166964.438
27.76010 166499.578
27.78010 166292.328
27.80010 166691.594
27.82010 165829.812
27.84010 165836.938
27.86010 165454.141
27.88010 165985.938
27.90010 165440.625
27.92010 164630.688
27.94010 164462.406
27.96010 164703.938
27.98010 164330.766
28.00010 164137.203
28.02010 163740.203
28.04010 163933.531
28.06010 164388.406
28.08010 163555.125
28.10010 163862.281
28.12010 163570.266
28.14010 163110.094
28.16010 162439.500
28.18010 162584.562
28.20010 162805.094
28.22010 161601.469
28.24010 162106.375
28.26010 162309.250
28.28010 161967.234
28.30010 161563.906
28.32010 161769.625
28.34010 161367.344
28.36010 160780.891
28.38010 160860.250
28.40010 160804.188
28.42010 161325.531
28.44010 160647.688
28.46010 160278.953
28.48010 160442.297
28.50010 160134.469
28.52010 159950.078
28.54010 160148.422
28.56010 160065.500
28.58010 159904.547
28.60010 159635.062
28.62010 159946.281
28.64010 159491.734
28.66010 159072.891
28.68010 159012.203
28.70010 158577.062
28.72010 159276.516
28.74010 158788.844
28.76010 158316.141
28.78010 158945.812
28.80010 158017.547
28.82010 158015.672
28.84010 157737.391
28.86010 157375.156
28.88010 158116.516
28.90010 157882.844
28.92010 157002.609
28.94010 157406.172
28.96010 157748.625
28.98010 157119.984
29.00010 157846.000
29.02010 158013.625
29.04010 157966.594
29.06010 158130.250
29.08010 157954.344
29.10010 157932.375
29.12010 158370.688
29.14010 159048.312
29.16010 159425.250
29.18010 160214.438
29.20010 161132.297
29.22010 162148.516
29.24010 163516.188
29.26010 164532.500
29.28010 165289.594
29.30010 166246.922
29.32010 167382.656
29.34010 167752.422
29.36010 168065.047
29.38010 167304.625
29.40010 167633.859
29.42010 166822.516
29.44010 166157.438
29.46010 164911.828
29.48010 163960.422
29.50010 162867.922
29.52010 161159.547
29.54010 159870.047
29.56010 158835.312
29.58010 157129.297
29.60010 156682.766
29.62010 155863.281
29.64010 154514.922
29.66010 153323.969
29.68010 152249.359
29.70010 151675.141
29.72010 151804.766
29.74010 151222.531
29.76010 150884.641
29.78010 149809.812
29.80010 149498.625
29.82010 149352.047
29.84010 148783.016
29.86010 149179.703
29.88010 148890.422
29.90010 148631.469
29.92010 147568.859
29.94010 147582.062
29.96010 146937.844
29.98010 147150.391
30.00010 146741.906
30.02010 146689.641
30.04010 147129.172
30.06010 146159.453
30.08010 146577.969
30.10010 146099.766
30.12010 145270.906
30.14010 145428.562
30.16010 145152.359
30.18010 144527.688
30.20010 144697.328
30.22010 144132.375
30.24010 144005.484
30.26010 143963.500
30.28010 143433.922
30.30010 143024.812
30.32010 143759.500
30.34010 143456.172
30.36010 143626.375
30.38010 142441.938
30.40010 142768.750
30.42010 142129.250
30.44010 142658.812
30.46010 142035.953
30.48010 142102.469
30.50010 142261.828
30.52010 142298.984
30.54010 141761.297
30.56010 141647.047
30.58010 141545.547
30.60010 141524.266
30.62010 140677.031
30.64010 141083.172
30.66010 141119.625
30.68010 140531.578
30.70010 139867.984
30.72010 140149.797
30.74010 139804.266
30.76010 140180.422
30.78010 139155.422
30.80010 139305.906
30.82010 138671.391
30.84010 139223.938
30.86010 138611.297
30.88010 138216.438
30.90010 138703.312
30.92010 138233.391
30.94010 138422.891
30.96010 137978.984
30.98010 137704.891
31.00010 137859.578
31.02010 137550.859
31.04010 137401.484
31.06010 137063.172
31.08010 136914.938
31.10010 136899.984
31.12010 137186.016
31.14010 136407.828
31.16010 136764.672
31.18010 136264.188
31.20010 136361.719
31.22010 135929.172
31.24010 136562.125
31.26010 135943.266
31.28010 136054.031
31.30010 135428.062
31.32010 135512.844
31.34010 135497.453
31.36010 135140.781
31.38010 134403.578
31.40010 134921.203
31.42010 135037.297
31.44010 134623.906
31.46010 134880.484
31.48010 134401.594
31.50010 134024.172
31.52010 133821.547
31.54010 133647.547
31.56010 133588.516
31.58010 132890.469
31.60010 132736.953
31.62010 132607.234
31.64010 132280.719
31.66010 132220.422
31.68010 131929.625
31.70010 131818.828
31.72010 131741.719
31.74010 131199.547
31.76010 131262.031
31.78010 131207.062
31.80010 131268.844
31.82010 130767.758
31.84010 130654.805
31.86010 130327.492
31.88010 129536.188
31.90010 130361.406
31.92010 129782.156
31.94010 129236.656
31.96010 128884.484
31.98010 129657.961
32.00010 129237.703
32.02010 129496.336
32.04010 129084.062
32.06010 128888.805
32.08010 128836.367
32.10010 128379.266
32.12010 128045.570
32.14010 128345.234
32.16010 127654.203
32.18010 127489.750
32.20010 128090.281
32.22010 127297.664
32.24010 126905.242
32.26010 126525.195
32.28010 127147.836
32.30010 127177.320
32.32010 127012.508
32.34010 126543.352
32.36010 126222.477
32.38010 126330.258
32.40010 126428.531
32.42010 125951.547
32.44010 125457.344
32.46010 126118.023
32.48010 125402.805
32.50010 125631.555
32.52010 125054.789
32.54010 125047.664
32.56010 124898.164
32.58010 125118.398
32.60010 124736.891
32.62010 124289.234
32.64010 123800.727
32.66010 124163.078
32.68010 124344.188
32.70010 123535.461
32.72010 123556.156
32.74010 123826.047
32.76010 123744.617
32.78010 123831.352
32.80010 123325.461
32.82010 123328.234
32.84010 123383.047
32.86010 122735.141
32.88010 123012.930
32.90010 122615.742
32.92010 122571.125
32.94010 122075.125
32.96010 121722.547
32.98010 121873.836
33.00010 121571.750
33.02010 121201.250
33.04010 121028.758
33.06010 120943.266
33.08010 121491.070
33.10010 120653.031
33.12010 120900.945
33.14010 119669.344
33.16010 120347.156
33.18010 119822.211
33.20010 119818.398
33.22010 119695.070
33.24010 119325.219
33.26010 119378.047
33.28010 119243.125
33.30010 118921.883
33.32010 118598.078
33.34010 119011.703
33.36010 118457.078
33.38010 118397.938
33.40010 118349.570
33.42010 118400.789
33.44010 117471.117
33.46010 117649.688
33.48010 117671.773
33.50010 117610.258
33.52010 118136.266
33.54010 117766.180
33.56010 117672.641
33.58010 116781.273
33.60010 116734.047
33.62010 116300.781
33.64010 116761.367
33.66010 116059.391
33.68010 116393.586
33.70010 115942.398
33.72010 115516.648
33.74010 115830.375
33.76010 115149.516
33.78010 115488.172
33.80010 115056.391
33.82010 114744.648
33.84010 115140.156
33.86010 115239.828
33.88010 114667.422
33.90010 114364.312
33.92010 114060.562
33.94010 114112.523
33.96010 114610.516
33.98010 113865.500
34.00010 114026.711
34.02010 114177.000
34.04010 113601.172
34.06010 113514.023
34.08010 113051.078
34.10010 113912.828
34.12010 113080.453
34.14010 113023.055
34.16010 112264.117
34.18010 112113.070
34.20010 112532.500
34.22010 112610.477
34.24010 112021.352
34.26010 111813.797
34.28010 111701.203
34.30010 111916.859
34.32010 111809.594
34.34010 111431.016
34.36010 111314.836
34.38010 110790.047
34.40010 110723.305
34.42010 111266.227
34.44010 110336.594
34.46010 110656.641
34.48010 109743.820
34.50010 110437.008
34.52010 110497.859
34.54010 110521.781
34.56010 110617.516
34.58010 109681.578
34.60010 109866.531
34.62010 109533.023
34.64010 109087.672
34.66010 109183.953
34.68010 109389.125
34.70010 109121.156
34.72010 109659.742
34.74010 109011.289
34.76010 108468.078
34.78010 108356.961
34.80010 108682.445
34.82010 107895.219
34.84010 108110.977
34.86010 108702.859
34.88010 108007.148
34.90010 107648.461
34.92010 107364.531
34.94010 107058.742
34.96010 107559.383
34.98010 107490.781
35.00010 107546.961
