Id: "SH-125-G" Phi: "150" Scantype: "2Theta-Theta" Anode: "Cu" Wavelength: "1.5406"
27.00010 194934.422
27.02010 194549.281
27.04010 194238.281
27.06010 194483.516
27.08010 195021.734
27.10010 194302.984
27.12010 194136.188
27.14010 194237.781
27.16010 193486.047
27.18010 192922.875
27.20010 193438.203
27.22010 193911.688
27.24010 193617.406
27.26010 192809.469
27.28010 193314.938
27.30010 192720.344
27.32010 192045.797
27.34010 192089.312
27.36010 192799.734
27.38010 191518.359
27.40010 191345.562
27.42010 192165.984
27.44010 192352.344
27.46010 191427.656
27.48010 191348.688
27.50010 190716.562
27.52010 191823.906
27.54010 191131.422
27.56010 191267.844
27.58010 190869.719
27.60010 190965.375
27.62010 190748.156
27.64010 190581.859
27.66010 190268.953
27.68010 190379.484
27.70010 189958.578
27.72010 190110.547
27.74010 189834.734
27.76010 189878.172
27.78010 188945.578
27.80010 189061.094
27.82010 189080.031
27.84010 189079.469
27.86010 189117.219
27.88010 189011.578
27.90010 188407.188
27.92010 187459.344
27.94010 188276.750
27.96010 187771.750
27.98010 188062.891
28.00010 187477.719
28.02010 187298.188
28.04010 188040.594
28.06010 187413.922
28.08010 186897.703
28.10010 186319.781
28.12010 186770.688
28.14010 186235.531
28.16010 186763.578
28.18010 185541.391
28.20010 187116.547
28.22010 186058.344
28.24010 184902.219
28.26010 185346.297
28.28010 185662.578
28.30010 185781.875
28.32010 184958.062
28.34010 185007.000
28.36010 185258.625
28.38010 185299.750
28.40010 184729.062
28.42010 184709.500
28.44010 184452.734
28.46010 184483.094
28.48010 183845.516
28.50010 183985.500
28.52010 182574.078
28.54010 183018.078
28.56010 183627.719
28.58010 183246.859
28.60010 182954.594
28.62010 182676.000
28.64010 182456.500
28.66010 183779.828
28.68010 182662.594
28.70010 181573.703
28.72010 181884.422
28.74010 182685.219
28.76010 182562.750
28.78010 181941.719
28.80010 181212.984
28.82010 180832.547
28.84010 180902.516
28.86010 181146.609
28.88010 181282.969
28.90010 181026.000
28.92010 181355.078
28.94010 180942.031
28.96010 180659.516
28.98010 180837.609
29.00010 179939.828
29.02010 180771.844
29.04010 180739.938
29.06010 180579.406
29.08010 180893.484
29.10010 181110.922
29.12010 180842.641
29.14010 180835.016
29.16010 181228.828
29.18010 182043.094
29.20010 182349.844
29.22010 182240.297
29.24010 183545.156
29.26010 184438.078
29.28010 184387.797
29.30010 185627.641
29.32010 186412.297
29.34010 186083.328
29.36010 186887.984
29.38010 186836.547
29.40010 187144.141
29.42010 187161.719
29.44010 186866.547
29.46010 186431.516
29.48010 185227.672
29.50010 184969.484
29.52010 184596.797
29.54010 183435.375
29.56010 182392.344
29.58010 180640.734
29.60010 179884.172
29.62010 179238.031
29.64010 177903.406
29.66010 177376.047
29.68010 176522.875
29.70010 176677.953
29.72010 175622.125
29.74010 173676.016
29.76010 173901.641
29.78010 173603.734
29.80010 172766.281
29.82010 172565.406
29.84010 171984.625
29.86010 172180.203
29.88010 171771.578
29.90010 171025.734
29.92010 170288.188
29.94010 170308.625
29.96010 169798.812
29.98010 169710.406
30.00010 169982.391
30.02010 169580.047
30.04010 169004.578
30.06010 169188.641
30.08010 169059.188
30.10010 168625.375
30.12010 168465.656
30.14010 168284.359
30.16010 167400.328
30.18010 168122.719
30.20010 166594.016
30.22010 166996.438
30.24010 167051.656
30.26010 166865.734
30.28010 166550.969
30.30010 166050.703
30.32010 166537.156
30.34010 165528.156
30.36010 165697.047
30.38010 165616.797
30.40010 165146.203
30.42010 165155.469
30.44010 164338.766
30.46010 164202.594
30.48010 164072.656
30.50010 163736.266
30.52010 163478.594
30.54010 163738.016
30.56010 162740.938
30.58010 162811.844
30.60010 163081.672
30.62010 162735.594
30.64010 162464.219
30.66010 162109.469
30.68010 161790.016
30.70010 160921.406
30.72010 161383.859
30.74010 161162.062
30.76010 160621.203
30.78010 160697.953
30.80010 160778.391
30.82010 160292.172
30.84010 160799.297
30.86010 158909.656
30.88010 159669.000
30.90010 159068.047
30.92010 158448.078
30.94010 159096.438
30.96010 159668.516
30.98010 158724.016
31.00010 158004.031
31.02010 158129.281
31.04010 158447.000
31.06010 158030.312
31.08010 157757.688
31.10010 157618.547
31.12010 157012.812
31.14010 157438.625
31.16010 156315.453
31.18010 156760.328
31.20010 156651.344
31.22010 157274.250
31.24010 155874.688
31.26010 155919.125
31.28010 156345.172
31.30010 155719.062
31.32010 155643.297
31.34010 155192.156
31.36010 155287.812
31.38010 154406.109
31.40010 155094.906
31.42010 154679.734
31.44010 154226.016
31.46010 154634.719
31.48010 153740.703
31.50010 153641.516
31.52010 152993.719
31.54010 152736.203
31.56010 152605.734
31.58010 152845.906
31.60010 152925.781
31.62010 151839.391
31.64010 151516.781
31.66010 151425.578
31.68010 151153.844
31.70010 150746.828
31.72010 150996.844
31.74010 150819.094
31.76010 150781.766
31.78010 149996.000
31.80010 148885.297
31.82010 150295.188
31.84010 148817.562
31.86010 149174.578
31.88010 149285.031
31.90010 148055.375
31.92010 148506.219
31.94010 148494.484
31.96010 147927.422
31.98010 147625.031
32.00010 147236.938
32.02010 147249.859
32.04010 147112.531
32.06010 146593.297
32.08010 146752.141
32.10010 146388.391
32.12010 145505.969
32.14010 146182.984
32.16010 145943.328
32.18010 145671.719
32.20010 145116.922
32.22010 144492.234
32.24010 144621.500
32.26010 144703.625
32.28010 144866.234
32.30010 144457.391
32.32010 143724.109
32.34010 143686.609
32.36010 143287.578
32.38010 143259.875
32.40010 143800.062
32.42010 143120.359
32.44010 142212.406
32.46010 142187.469
32.48010 141942.734
32.50010 142165.656
32.52010 142179.062
32.54010 141394.297
32.56010 141928.219
32.58010 141083.766
32.60010 140995.625
32.62010 140437.297
32.64010 140141.109
32.66010 140272.562
32.68010 140243.188
32.70010 140263.250
32.72010 139380.125
32.74010 139165.281
32.76010 139102.969
32.78010 138707.766
32.80010 138931.375
32.82010 138779.766
32.84010 137642.609
32.86010 137900.547
32.88010 138225.484
32.90010 137688.594
32.92010 136996.047
32.94010 137355.719
32.96010 137346.219
32.98010 136739.219
33.00010 137008.328
33.02010 136503.797
33.04010 136449.156
33.06010 135654.359
33.08010 135453.359
33.10010 135702.469
33.12010 135769.562
33.14010 135210.125
33.16010 135030.172
33.18010 134733.609
33.20010 134963.703
33.22010 134454.141
33.24010 133922.578
33.26010 134007.328
33.28010 133165.188
33.30010 133905.781
33.32010 133670.562
33.34010 133249.344
33.36010 133234.094
33.38010 132628.547
33.40010 132160.031
33.42010 132059.703
33.44010 132015.672
33.46010 132645.031
33.48010 131811.391
33.50010 131436.656
33.52010 131747.359
33.54010 131173.406
33.56010 131671.953
33.58010 131173.469
33.60010 129741.539
33.62010 129940.430
33.64010 130043.656
33.66010 129763.977
33.68010 129658.023
33.70010 129944.922
33.72010 128960.672
33.74010 129274.219
33.76010 129174.398
33.78010 129144.859
33.80010 128479.516
33.82010 128646.680
33.84010 128305.594
33.86010 128119.039
33.88010 127487.188
33.90010 127091.375
33.92010 128029.000
33.94010 127797.531
33.96010 127565.672
33.98010 127330.969
34.00010 126593.602
34.02010 126931.328
34.04010 126824.781
34.06010 126218.773
34.08010 126171.969
34.10010 126143.258
34.12010 125640.250
34.14010 125954.297
34.16010 125578.102
34.18010 124838.664
34.20010 124450.406
34.22010 124737.680
34.24010 124403.875
34.26010 124010.625
34.28010 123783.859
34.30010 124087.266
34.32010 123963.867
34.34010 123519.727
34.36010 123839.508
34.38010 123228.070
34.40010 122596.836
34.42010 122829.336
34.44010 122823.703
34.46010 122408.891
34.48010 122516.477
34.50010 122253.148
34.52010 121593.781
34.54010 122011.773
34.56010 121656.680
34.58010 122252.039
34.60010 121449.719
34.62010 121029.461
34.64010 121116.273
34.66010 120809.297
34.68010 121292.477
34.70010 120325.914
34.72010 120798.406
34.74010 120149.625
34.76010 120330.328
34.78010 119721.836
34.80010 119585.094
34.82010 119492.719
34.84010 119236.758
34.86010 119654.531
34.88010 119143.180
34.90010 119116.047
34.92010 118567.602
34.94010 118766.711
34.96010 117809.305
34.98010 117701.047
35.00010 117895.039
