Id: "SH-125-G" Phi: "60" Scantype: "2Theta-Theta" Anode: "Cu" Wavelength: "1.5406"
27.00010 170222.391
27.02010 169926.703
27.04010 170151.781
27.06010 169578.719
27.08010 170100.469
27.10010 169224.688
27.12010 169325.844
27.14010 169143.312
27.16010 168503.234
27.18010 169010.531
27.20010 168004.344
27.22010 168341.656
27.24010 167161.891
27.26010 167127.641
27.28010 167208.906
27.30010 166595.719
27.32010 165982.078
27.34010 165711.734
27.36010 165782.469
27.38010 165020.875
27.40010 165975.422
27.42010 165930.438
27.44010 165209.781
27.46010 164533.469
27.48010 164413.031
27.50010 165098.797
27.52010 164358.000
27.54010 164269.281
27.56010 163324.141
27.58010 163795.125
27.60010 162895.016
27.62010 163371.984
27.64010 163701.422
27.66010 163256.391
27.68010 162423.047
27.70010 162305.891
27.72010 161982.781
27.74010 162252.500
27.76010 161962.875
27.78010 162235.500
27.80010 161433.219
27.82010 161596.531
27.84010 161382.250
27.86010 161495.062
27.88010 161210.000
27.90010 161246.297
27.92010 160763.031
27.94010 160857.031
27.96010 161183.906
27.98010 160617.844
28.00010 160285.469
28.02010 160191.328
28.04010 159927.797
28.06010 159669.359
28.08010 159697.609
28.10010 158982.078
28.12010 159451.750
28.14010 159639.328
28.16010 158757.141
28.18010 158991.875
28.20010 159399.609
28.22010 158718.344
28.24010 159114.594
28.26010 158943.953
28.28010 158148.672
28.30010 158250.688
28.32010 158012.750
28.34010 157586.328
28.36010 157420.719
28.38010 157181.500
28.40010 157421.000
28.42010 156892.281
28.44010 156553.078
28.46010 156736.047
28.48010 157187.141
28.50010 156660.156
28.52010 156645.312
28.54010 156354.828
28.56010 155907.234
28.58010 156619.297
28.60010 156247.594
28.62010 155719.406
28.64010 155628.125
28.66010 155397.203
28.68010 155660.766
28.70010 155297.578
28.72010 155589.250
28.74010 155382.484
28.76010 155046.438
28.78010 154980.500
28.80010 155188.188
28.82010 154939.969
28.84010 154691.375
28.86010 154752.188
28.88010 154813.750
28.90010 153972.266
28.92010 153848.406
28.94010 154603.750
28.96010 154903.359
28.98010 154695.281
29.00010 155178.375
29.02010 155039.453
29.04010 155829.828
29.06010 155516.281
29.08010 155861.031
29.10010 156605.625
29.12010 156914.688
29.14010 157942.812
29.16010 158430.984
29.18010 160311.766
29.20010 161856.766
29.22010 163979.047
29.24010 164742.406
29.26010 166551.016
29.28010 168443.797
29.30010 169744.859
29.32010 170722.906
29.34010 171638.531
29.36010 172237.562
29.38010 171752.969
29.40010 171209.047
29.42010 170071.031
29.44010 169046.000
29.46010 167633.391
29.48010 165670.797
29.50010 163682.938
29.52010 162427.016
29.54010 160346.641
29.56010 158112.781
29.58010 156830.172
29.60010 155301.797
29.62010 153631.781
29.64010 152760.250
29.66010 152237.672
29.68010 151306.516
29.70010 149862.047
29.72010 149131.219
29.74010 148759.094
29.76010 147612.797
29.78010 147970.422
29.80010 147578.672
29.82010 146628.891
29.84010 146048.859
29.86010 146331.812
29.88010 145599.938
29.90010 145540.703
29.92010 145329.734
29.94010 145068.031
29.96010 144754.406
29.98010 144447.016
30.00010 144194.188
30.02010 144331.266
30.04010 144120.781
30.06010 143602.250
30.08010 143529.234
30.10010 143693.922
30.12010 143308.562
30.14010 142925.922
30.16010 142642.891
30.18010 142949.656
30.20010 142366.938
30.22010 142097.328
30.24010 142608.156
30.26010 141823.938
30.28010 141540.125
30.30010 141390.094
30.32010 140851.391
30.34010 141519.578
30.36010 141002.922
30.38010 140482.125
30.40010 140649.266
30.42010 139982.375
30.44010 139706.766
30.46010 139750.438
30.48010 139371.766
30.50010 139531.609
30.52010 139284.422
30.54010 139683.344
30.56010 138954.828
30.58010 139326.562
30.60010 138153.047
30.62010 137728.844
30.64010 138277.203
30.66010 137915.641
30.68010 137991.203
30.70010 138527.672
30.72010 137605.047
30.74010 137645.625
30.76010 137539.094
30.78010 137161.234
30.80010 136696.812
30.82010 136809.562
30.84010 136797.484
30.86010 136027.203
30.88010 136319.234
30.90010 135749.578
30.92010 136053.281
30.94010 135897.641
30.96010 135698.203
30.98010 135415.453
31.00010 135136.750
31.02010 135578.344
31.04010 134492.453
31.06010 134291.562
31.08010 135299.469
31.10010 134729.203
31.12010 134645.656
31.14010 133698.719
31.16010 134381.906
31.18010 133929.203
31.20010 134845.484
31.22010 134344.438
31.24010 133976.156
31.26010 134635.406
31.28010 134797.906
31.30010 134326.812
31.32010 134215.734
31.34010 134521.844
31.36010 134670.234
31.38010 134136.125
31.40010 133853.172
31.42010 133344.391
31.44010 133475.359
31.46010 132700.375
31.48010 132580.344
31.50010 131579.984
31.52010 132101.922
31.54010 132083.688
31.56010 131227.781
31.58010 131496.484
31.60010 130905.648
31.62010 131005.156
31.64010 130292.250
31.66010 129793.094
31.68010 129975.156
31.70010 129597.219
31.72010 129711.023
31.74010 129674.422
31.76010 129082.289
31.78010 128859.328
31.80010 128617.547
31.82010 128621.969
31.84010 128246.867
31.86010 128333.945
31.88010 128629.969
31.90010 127827.438
31.92010 128426.992
31.94010 127846.578
31.96010 127194.742
31.98010 127326.922
32.00010 127036.656
32.02010 126966.023
32.04010 127117.281
32.06010 126787.211
32.08010 126419.250
32.10010 126595.203
32.12010 126723.383
32.14010 126585.742
32.16010 126800.250
32.18010 125483.094
32.20010 125995.898
32.22010 125778.070
32.24010 125359.664
32.26010 125312.422
32.28010 125407.703
32.30010 125341.953
32.32010 125179.586
32.34010 125174.789
32.36010 125219.172
32.38010 124372.703
32.40010 124046.750
32.42010 124743.562
32.44010 124733.797
32.46010 124211.898
32.48010 124181.891
32.50010 123754.844
32.52010 124001.414
32.54010 123994.039
32.56010 123528.656
32.58010 123744.016
32.60010 123772.070
32.62010 123689.414
32.64010 123585.453
32.66010 123721.367
32.68010 123083.805
32.70010 123474.547
32.72010 123052.195
32.74010 123427.133
32.76010 122488.695
32.78010 122960.227
32.80010 122707.914
32.82010 122185.531
32.84010 122497.922
32.86010 121236.867
32.88010 121537.078
32.90010 121697.914
32.92010 120978.922
32.94010 120827.242
32.96010 120578.055
32.98010 120637.969
33.00010 119567.586
33.02010 119697.969
33.04010 120004.227
33.06010 119659.055
33.08010 119215.047
33.10010 118967.922
33.12010 118738.727
33.14010 118991.133
33.16010 118795.828
33.18010 118367.133
33.20010 118299.469
33.22010 118328.922
33.24010 117685.727
33.26010 117218.875
33.28010 116846.078
33.30010 117692.422
33.32010 118056.766
33.34010 117083.461
33.36010 117185.586
33.38010 117263.648
33.40010 117013.219
33.42010 116371.469
33.44010 116372.305
33.46010 117088.641
33.48010 116805.039
33.50010 116412.945
33.52010 116225.508
33.54010 115961.156
33.56010 116313.742
33.58010 115669.789
33.60010 115404.984
33.62010 114943.523
33.64010 115498.641
33.66010 114603.328
33.68010 115020.164
33.70010 114896.469
33.72010 114335.148
33.74010 114570.977
33.76010 114053.469
33.78010 113754.805
33.80010 113790.875
33.82010 113163.266
33.84010 113349.727
33.86010 113431.750
33.88010 113230.812
33.90010 113333.883
33.92010 113505.969
33.94010 112965.258
33.96010 112605.594
33.98010 113079.750
34.00010 112550.141
34.02010 112803.500
34.04010 112305.422
34.06010 112209.969
34.08010 112126.711
34.10010 111516.750
34.12010 111909.609
34.14010 111772.938
34.16010 111430.500
34.18010 111266.211
34.20010 111121.398
34.22010 110898.016
34.24010 111091.469
34.26010 110791.328
34.28010 110062.477
34.30010 110001.906
34.32010 110109.586
34.34010 110791.430
34.36010 109994.258
34.38010 110305.273
34.40010 110019.312
34.42010 109693.648
34.44010 109364.492
34.46010 109404.156
34.48010 109054.000
34.50010 109225.438
34.52010 109788.531
34.54010 108828.977
34.56010 108531.961
34.58010 108825.359
34.60010 108387.578
34.62010 108350.648
34.64010 108664.375
34.66010 108630.422
34.68010 107970.727
34.70010 108040.805
34.72010 107424.594
34.74010 107507.578
34.76010 107419.102
34.78010 107101.805
34.80010 107276.375
34.82010 107177.492
34.84010 106870.828
34.86010 106825.023
34.88010 106645.688
34.90010 106590.969
34.92010 106645.703
34.94010 105867.539
34.96010 106096.430
34.98010 106089.531
35.00010 105783.219
