Id: "SH-125-G" Phi: "90" Scantype: "2Theta-Theta" Anode: "Cu" Wavelength: "1.5406"
27.00010 171875.438
27.02010 171467.203
27.04010 171282.594
27.06010 170889.766
27.08010 170304.516
27.10010 169611.750
27.12010 170026.359
27.14010 169839.344
27.16010 170365.141
27.18010 169845.703
27.20010 169353.969
27.22010 169392.688
27.24010 168505.797
27.26010 168516.875
27.28010 169226.250
27.30010 168246.203
27.32010 168431.172
27.34010 167555.266
27.36010 167585.141
27.38010 166664.734
27.40010 166970.641
27.42010 167331.312
27.44010 166990.906
27.46010 166730.125
27.48010 166923.250
27.50010 166037.844
27.52010 166367.406
27.54010 166123.750
27.56010 165663.812
27.58010 165875.484
27.60010 165471.891
27.62010 165047.141
27.64010 165151.250
27.66010 164979.938
27.68010 164939.672
27.70010 165174.984
27.72010 164491.625
27.74010 164864.828
27.76010 164154.203
27.78010 164264.375
27.80010 163970.578
27.82010 164200.672
27.84010 163610.781
27.86010 163213.625
27.88010 162786.031
27.90010 163389.828
27.92010 163019.656
27.94010 163339.719
27.96010 162993.172
27.98010 162566.547
28.00010 162437.547
28.02010 162508.625
28.04010 161753.266
28.06010 161223.203
28.08010 161033.234
28.10010 161317.781
28.12010 161036.609
28.14010 160945.156
28.16010 159961.781
28.18010 160448.641
28.20010 160495.016
28.22010 160528.969
28.24010 160416.156
28.26010 159937.281
28.28010 159880.750
28.30010 160028.438
28.32010 159440.531
28.34010 159782.062
28.36010 159093.297
28.38010 158900.719
28.40010 159195.375
28.42010 158982.438
28.44010 158790.969
28.46010 158333.922
28.48010 158454.844
28.50010 158058.266
28.52010 157834.250
28.54010 157780.875
28.56010 157934.516
28.58010 158182.891
28.60010 157839.531
28.62010 157741.344
28.64010 157481.250
28.66010 157213.234
28.68010 156950.828
28.70010 156750.422
28.72010 156775.484
28.74010 157026.250
28.76010 157093.656
28.78010 156502.062
28.80010 156794.359
28.82010 156601.031
28.84010 156593.953
28.86010 156999.906
28.88010 156207.281
28.90010 155814.656
28.92010 155799.766
28.94010 155953.109
28.96010 155547.531
28.98010 156234.484
29.00010 156552.438
29.02010 155978.391
29.04010 155902.969
29.06010 156447.812
29.08010 156961.047
29.10010 157646.406
29.12010 157239.469
29.14010 158442.078
29.16010 159108.734
29.18010 159723.828
29.20010 160710.844
29.22010 162375.891
29.24010 163343.156
29.26010 165317.125
29.28010 167489.641
29.30010 168155.328
29.32010 169228.641
29.34010 169753.984
29.36010 169913.812
29.38010 169761.094
29.40010 169231.078
29.42010 167582.734
29.44010 166887.078
29.46010 166104.328
29.48010 164795.844
29.50010 162993.078
29.52010 161528.969
29.54010 159990.312
29.56010 158553.000
29.58010 157280.797
29.60010 156159.250
29.62010 155513.031
29.64010 153754.188
29.66010 152812.594
29.68010 152269.531
29.70010 151534.188
29.72010 150975.188
29.74010 150536.422
29.76010 149604.438
29.78010 149034.797
29.80010 149172.734
29.82010 148526.188
29.84010 148397.328
29.86010 147770.641
29.88010 147804.234
29.90010 146944.672
29.92010 147426.953
29.94010 146757.859
29.96010 146410.641
29.98010 146075.688
30.00010 145374.031
30.02010 146053.047
30.04010 145939.609
30.06010 145080.578
30.08010 144914.656
30.10010 144600.188
30.12010 144255.656
30.14010 144376.125
30.16010 143998.812
30.18010 143740.016
30.20010 143427.953
30.22010 143854.250
30.24010 142798.406
30.26010 142781.531
30.28010 142594.828
30.30010 142350.562
30.32010 142335.062
30.34010 142150.703
30.36010 142433.609
30.38010 141388.156
30.40010 142119.297
30.42010 142012.797
30.44010 141756.625
30.46010 141821.453
30.48010 141475.547
30.50010 140824.906
30.52010 140444.094
30.54010 140660.047
30.56010 140343.734
30.58010 140365.047
30.60010 140336.000
30.62010 140100.141
30.64010 139848.781
30.66010 139349.641
30.68010 139580.422
30.70010 139028.578
30.72010 139056.984
30.74010 138609.078
30.76010 138436.906
30.78010 138140.312
30.80010 138479.906
30.82010 138271.188
30.84010 138595.359
30.86010 137579.516
30.88010 137805.438
30.90010 137831.891
30.92010 137251.156
30.94010 136963.266
30.96010 137180.266
30.98010 136812.984
31.00010 136282.938
31.02010 136698.547
31.04010 136493.828
31.06010 135897.828
31.08010 135803.141
31.10010 135734.906
31.12010 135725.297
31.14010 135806.594
31.16010 135724.219
31.18010 135357.625
31.20010 134917.594
31.22010 135073.422
31.24010 135565.625
31.26010 135756.016
31.28010 135351.219
31.30010 135684.734
31.32010 134742.453
31.34010 134904.094
31.36010 134909.906
31.38010 135672.906
31.40010 135150.078
31.42010 135051.250
31.44010 134765.906
31.46010 134199.969
31.48010 133426.016
31.50010 133165.703
31.52010 133398.547
31.54010 133095.000
31.56010 132801.000
31.58010 132225.312
31.60010 133044.797
31.62010 132530.906
31.64010 131932.625
31.66010 131384.578
31.68010 131298.531
31.70010 131472.281
31.72010 130903.383
31.74010 130612.539
31.76010 130247.859
31.78010 130165.742
31.80010 129933.023
31.82010 129736.953
31.84010 129373.367
31.86010 129330.156
31.88010 129676.102
31.90010 129251.656
31.92010 129052.367
31.94010 129128.086
31.96010 128546.547
31.98010 128499.523
32.00010 128300.273
32.02010 128541.750
32.04010 128490.125
32.06010 127952.633
32.08010 127582.547
32.10010 126945.281
32.12010 127395.000
32.14010 127328.016
32.16010 126889.281
32.18010 127251.070
32.20010 126755.133
32.22010 127037.453
32.24010 126516.328
32.26010 126514.828
32.28010 126004.289
32.30010 126246.242
32.32010 125772.164
32.34010 126244.031
32.36010 125883.656
32.38010 125660.250
32.40010 125840.812
32.42010 125818.055
32.44010 125712.555
32.46010 125150.047
32.48010 124875.953
32.50010 124711.555
32.52010 124813.562
32.54010 124475.703
32.56010 124196.516
32.58010 124504.781
32.60010 124479.023
32.62010 123985.414
32.64010 124058.359
32.66010 123908.477
32.68010 124137.852
32.70010 123640.625
32.72010 123874.828
32.74010 123175.797
32.76010 123764.891
32.78010 123415.234
32.80010 123036.906
32.82010 122648.039
32.84010 122229.523
32.86010 122606.477
32.88010 122106.797
32.90010 122298.000
32.92010 121862.320
32.94010 121386.805
32.96010 121250.656
32.98010 121403.438
33.00010 121107.109
33.02010 121195.289
33.04010 121231.898
33.06010 120903.266
33.08010 120862.438
33.10010 120372.023
33.12010 120056.180
33.14010 119588.055
33.16010 119467.820
33.18010 119337.891
33.20010 119031.547
33.22010 118572.461
33.24010 118818.844
33.26010 119037.758
33.28010 118978.586
33.30010 118783.633
33.32010 118153.844
33.34010 118107.664
33.36010 118087.844
33.38010 118262.375
33.40010 117629.312
33.42010 117296.422
33.44010 117477.484
33.46010 117899.938
33.48010 116722.734
33.50010 117133.258
33.52010 116490.664
33.54010 117110.633
33.56010 116557.609
33.58010 117046.203
33.60010 116447.711
33.62010 116289.703
33.64010 115954.344
33.66010 115636.719
33.68010 115545.547
33.70010 116066.336
33.72010 115643.570
33.74010 115061.195
33.76010 115196.133
33.78010 115222.555
33.80010 114805.000
33.82010 114267.727
33.84010 114853.812
33.86010 114417.156
33.88010 113532.898
33.90010 113781.328
33.92010 114162.297
33.94010 114012.352
33.96010 113806.672
33.98010 113678.719
34.00010 113236.594
34.02010 113106.656
34.04010 113048.594
34.06010 112876.297
34.08010 112687.594
34.10010 112469.719
34.12010 112178.383
34.14010 112098.148
34.16010 111967.961
34.18010 111368.875
34.20010 111866.953
34.22010 110966.766
34.24010 111360.836
34.26010 111928.711
34.28010 111144.422
34.30010 111147.258
34.32010 111328.031
34.34010 110619.297
34.36010 111059.344
34.38010 110718.789
34.40010 110447.336
34.42010 110395.766
34.44010 110509.367
34.46010 110386.773
34.48010 110312.648
34.50010 110030.977
34.52010 109737.594
34.54010 109614.156
34.56010 109760.102
34.58010 109426.352
34.60010 109190.133
34.62010 108780.555
34.64010 109490.906
34.66010 109201.539
34.68010 108974.047
34.70010 108567.141
34.72010 108120.938
34.74010 108179.477
34.76010 108184.523
34.78010 107862.477
34.80010 107875.477
34.82010 107782.867
34.84010 107240.305
34.86010 108020.234
34.88010 107290.711
34.90010 107367.648
34.92010 107383.656
34.94010 106939.594
34.96010 106625.812
34.98010 107253.695
35.00010 106810.812
