Id: "SH-125-G" Phi: "180" Scantype: "2Theta-Theta" Anode: "Cu" Wavelength: "1.5406"
27.00010 200789.047
27.02010 200988.719
27.04010 200962.578
27.06010 200063.953
27.08010 200320.375
27.10010 200087.609
27.12010 200389.172
27.14010 200205.750
27.16010 200656.062
27.18010 199807.969
27.20010 199211.281
27.22010 199530.688
27.24010 199744.547
27.26010 199990.031
27.28010 199172.953
27.30010 199241.672
27.32010 199350.859
27.34010 198955.891
27.36010 198711.781
27.38010 198801.203
27.40010 197858.109
27.42010 198252.781
27.44010 198019.766
27.46010 198107.188
27.48010 197844.547
27.50010 198025.641
27.52010 197566.438
27.54010 197487.984
27.56010 196671.156
27.58010 196858.500
27.60010 197436.453
27.62010 197073.234
27.64010 197382.188
27.66010 196639.297
27.68010 196677.766
27.70010 195966.594
27.72010 195735.984
27.74010 196112.141
27.76010 196004.781
27.78010 195640.359
27.80010 195671.953
27.82010 194962.953
27.84010 195407.281
27.86010 195145.953
27.88010 194509.766
27.90010 194890.125
27.92010 194960.578
27.94010 195037.797
27.96010 194981.359
27.98010 194747.094
28.00010 194438.859
28.02010 194791.422
28.04010 193904.828
28.06010 193822.953
28.08010 194321.781
28.10010 193597.516
28.12010 193129.000
28.14010 192840.562
28.16010 192404.672
28.18010 193272.500
28.20010 193338.188
28.22010 192526.656
28.24010 192463.266
28.26010 192059.000
28.28010 193131.781
28.30010 192673.969
28.32010 192701.484
28.34010 192660.375
28.36010 191806.734
28.38010 192202.047
28.40010 191834.234
28.42010 191223.141
28.44010 191003.750
28.46010 191417.969
28.48010 191546.938
28.50010 190982.641
28.52010 190444.484
28.54010 190460.281
28.56010 190226.203
28.58010 190634.297
28.60010 190407.188
28.62010 189932.359
28.64010 189866.281
28.66010 188906.422
28.68010 188697.672
28.70010 189320.781
28.72010 189306.750
28.74010 189005.234
28.76010 189242.312
28.78010 188741.406
28.80010 188977.484
28.82010 188591.266
28.84010 188561.406
28.86010 188264.453
28.88010 188024.266
28.90010 187617.031
28.92010 188468.531
28.94010 187814.609
28.96010 187035.516
28.98010 187229.375
29.00010 186729.391
29.02010 187346.516
29.04010 187531.859
29.06010 187473.312
29.08010 186850.047
29.10010 186970.516
29.12010 187837.516
29.14010 188437.156
29.16010 187763.516
29.18010 188215.438
29.20010 188578.203
29.22010 188607.359
29.24010 188947.609
29.26010 189447.344
29.28010 190620.094
29.30010 191666.484
29.32010 191878.922
29.34010 193030.234
29.36010 193718.188
29.38010 193419.797
29.40010 193586.375
29.42010 193600.516
29.44010 193544.297
29.46010 193992.172
29.48010 193382.578
29.50010 193488.828
29.52010 192506.188
29.54010 191682.547
29.56010 190553.234
29.58010 189781.594
29.60010 188999.266
29.62010 187396.453
29.64010 186068.266
29.66010 184625.062
29.68010 184435.844
29.70010 183179.891
29.72010 182251.391
29.74010 182471.594
29.76010 181553.234
29.78010 180598.438
29.80010 180436.406
29.82010 180403.688
29.84010 179990.250
29.86010 179551.609
29.88010 179112.438
29.90010 178390.469
29.92010 178066.719
29.94010 177688.547
29.96010 177906.672
29.98010 177391.203
30.00010 176971.547
30.02010 176912.938
30.04010 176710.266
30.06010 175873.031
30.08010 175591.109
30.10010 175626.938
30.12010 175162.078
30.14010 174686.359
30.16010 174400.328
30.18010 174448.859
30.20010 173740.141
30.22010 174215.422
30.24010 173571.656
30.26010 173595.328
30.28010 173765.703
30.30010 173455.156
30.32010 172220.125
30.34010 172461.859
30.36010 172135.281
30.38010 171719.094
30.40010 171862.891
30.42010 171959.406
30.44010 171075.500
30.46010 171286.312
30.48010 171454.344
30.50010 170595.312
30.52010 170150.891
30.54010 169891.297
30.56010 169649.297
30.58010 169429.984
30.60010 169882.344
30.62010 169733.562
30.64010 169079.828
30.66010 169040.203
30.68010 168663.594
30.70010 168996.016
30.72010 168222.188
30.74010 168538.266
30.76010 167830.906
30.78010 166855.062
30.80010 167232.234
30.82010 166429.172
30.84010 166406.484
30.86010 166975.734
30.88010 166838.453
30.90010 166173.609
30.92010 166292.672
30.94010 165254.812
30.96010 164780.891
30.98010 165536.219
31.00010 165148.609
31.02010 164721.250
31.04010 164005.406
31.06010 164325.484
31.08010 164039.969
31.10010 163585.688
31.12010 162889.062
31.14010 163081.562
31.16010 163314.094
31.18010 163376.125
31.20010 163583.562
31.22010 162537.703
31.24010 162042.078
31.26010 162526.953
31.28010 162583.516
31.30010 162291.812
31.32010 161839.328
31.34010 162465.172
31.36010 161481.469
31.38010 161512.422
31.40010 160791.922
31.42010 159951.859
31.44010 160561.875
31.46010 160861.594
31.48010 160437.438
31.50010 160394.453
31.52010 159770.016
31.54010 159055.562
31.56010 158943.203
31.58010 158504.453
31.60010 158419.797
31.62010 158362.516
31.64010 157508.969
31.66010 157810.234
31.68010 157277.094
31.70010 157862.422
31.72010 157789.969
31.74010 155930.703
31.76010 156022.625
31.78010 156554.094
31.80010 156141.672
31.82010 156026.250
31.84010 155481.844
31.86010 155152.734
31.88010 155928.625
31.90010 154920.375
31.92010 154286.516
31.94010 154500.906
31.96010 154168.500
31.98010 153610.906
32.00010 153982.047
32.02010 153146.641
32.04010 152406.359
32.06010 152777.500
32.08010 152707.516
32.10010 152084.781
32.12010 151904.094
32.14010 150869.656
32.16010 151107.328
32.18010 151490.234
32.20010 151107.766
32.22010 150437.328
32.24010 151145.609
32.26010 150934.000
32.28010 150699.391
32.30010 149682.297
32.32010 149810.641
32.34010 149453.953
32.36010 149415.297
32.38010 149289.250
32.40010 149026.250
32.42010 148771.219
32.44010 149310.438
32.46010 148696.625
32.48010 147704.078
32.50010 147322.609
32.52010 147445.453
32.54010 147000.859
32.56010 147448.500
32.58010 146830.672
32.60010 146595.453
32.62010 146356.703
32.64010 145818.406
32.66010 145798.578
32.68010 145034.656
32.70010 145608.938
32.72010 145742.781
32.74010 145299.500
32.76010 145340.016
32.78010 144558.312
32.80010 143975.891
32.82010 144331.062
32.84010 143491.891
32.86010 143456.469
32.88010 143634.438
32.90010 143652.656
32.92010 143423.125
32.94010 142957.469
32.96010 142320.000
32.98010 142697.922
33.00010 142537.922
33.02010 141503.109
33.04010 142048.781
33.06010 141682.000
33.08010 141397.844
33.10010 140991.719
33.12010 140846.875
33.14010 141094.094
33.16010 141061.562
33.18010 140692.312
33.20010 140434.422
33.22010 139399.734
33.24010 139153.578
33.26010 139307.734
33.28010 138876.688
33.30010 138776.688
33.32010 138117.016
33.34010 138095.875
33.36010 138331.047
33.38010 137825.078
33.40010 137663.109
33.42010 137783.406
33.44010 137555.938
33.46010 136745.859
33.48010 136874.375
33.50010 137087.906
33.52010 136134.953
33.54010 136628.766
33.56010 136306.797
33.58010 136408.859
33.60010 135532.219
33.62010 135657.938
33.64010 135020.422
33.66010 135190.391
33.68010 134784.938
33.70010 134710.734
33.72010 134267.875
33.74010 134400.344
33.76010 134886.000
33.78010 133501.094
33.80010 133278.578
33.82010 133481.047
33.84010 132994.359
33.86010 132954.891
33.88010 132573.141
33.90010 132457.578
33.92010 132705.406
33.94010 132492.375
33.96010 132308.969
33.98010 131722.453
34.00010 131112.406
34.02010 130967.531
34.04010 130807.492
34.06010 130374.539
34.08010 130452.461
34.10010 130949.383
34.12010 130207.781
34.14010 130484.523
34.16010 129377.578
34.18010 129708.742
34.20010 129497.508
34.22010 129819.766
34.24010 129552.055
34.26010 128847.828
34.28010 128697.289
34.30010 128672.188
34.32010 128465.555
34.34010 128230.062
34.36010 128083.156
34.38010 128568.391
34.40010 127846.508
34.42010 127255.086
34.44010 127592.688
34.46010 126873.312
34.48010 126495.789
34.50010 126410.789
34.52010 126668.328
34.54010 126376.852
34.56010 125728.531
34.58010 125798.555
34.60010 125839.109
34.62010 125871.180
34.64010 125491.734
34.66010 125429.984
34.68010 124748.141
34.70010 124330.984
34.72010 124167.297
34.74010 124394.820
34.76010 124214.320
34.78010 123637.422
34.80010 123655.703
34.82010 124058.188
34.84010 123005.039
34.86010 122382.523
34.88010 123004.508
34.90010 123082.805
34.92010 123261.773
34.94010 122291.234
34.96010 122135.516
34.98010 122792.789
35.00010 122052.203
