Id: "SH-104-1" Phi: "30" Scantype: "2Theta-Theta" Anode: "Cu" Wavelength: "1.5406"
27.00010 157602.672
27.02010 158429.047
27.04010 157819.391
27.06010 157797.328
27.08010 157931.266
27.10010 156875.547
27.12010 157117.078
27.14010 157487.234
27.16010 157087.781
27.18010 157563.000
27.20010 156982.344
27.22010 156177.312
27.24010 156849.016
27.26010 156967.094
27.28010 155793.484
27.30010 155865.797
27.32010 156308.125
27.34010 156145.906
27.36010 155167.969
27.38010 155246.906
27.40010 154277.984
27.42010 154523.797
27.44010 154506.375
27.46010 154540.562
27.48010 154573.656
27.50010 154846.203
27.52010 154373.141
27.54010 153993.484
27.56010 153979.984
27.58010 153287.281
27.60010 153402.938
27.62010 153168.625
27.64010 152711.250
27.66010 152706.234
27.68010 153194.016
27.70010 152799.938
27.72010 152243.781
27.74010 152956.984
27.76010 152625.078
27.78010 152031.750
27.80010 152202.422
27.82010 151867.422
27.84010 151927.469
27.86010 151602.281
27.88010 151680.906
27.90010 151711.922
27.92010 151775.062
27.94010 151773.109
27.96010 150966.938
27.98010 151039.547
28.00010 150532.391
28.02010 150584.109
28.04010 150947.656
28.06010 150764.359
28.08010 150481.031
28.10010 150364.797
28.12010 149971.344
28.14010 150003.984
28.16010 149681.188
28.18010 149871.219
28.20010 149249.016
28.22010 149429.938
28.24010 149073.234
28.26010 149231.297
28.28010 148592.516
28.30010 149318.188
28.32010 149204.234
28.34010 148627.266
28.36010 148541.734
28.38010 148608.891
28.40010 148580.562
28.42010 148233.719
28.44010 148239.438
28.46010 148294.047
28.48010 148933.812
28.50010 147768.812
28.52010 148267.219
28.54010 148192.344
28.56010 147953.344
28.58010 148225.062
28.60010 147937.469
28.62010 147957.828
28.64010 146970.234
28.66010 146919.016
28.68010 146817.234
28.70010 147158.688
28.72010 147222.219
28.74010 147699.438
28.76010 147027.219
28.78010 146852.609
28.80010 147092.297
28.82010 146951.906
28.84010 146423.469
28.86010 146033.578
28.88010 145698.094
28.90010 145934.578
28.92010 146286.891
28.94010 146722.094
28.96010 146462.703
28.98010 145444.609
29.00010 146002.469
29.02010 146457.906
29.04010 146933.641
29.06010 146421.328
29.08010 147231.062
29.10010 147263.594
29.12010 148324.062
29.14010 149192.984
29.16010 150791.656
29.18010 152578.062
29.20010 154284.719
29.22010 157298.297
29.24010 159725.312
29.26010 163091.047
29.28010 167227.125
29.30010 171683.344
29.32010 175390.922
29.34010 178242.562
29.36010 180643.109
29.38010 182211.453
29.40010 183869.703
29.42010 183438.234
29.44010 182845.859
29.46010 180743.250
29.48010 178557.812
29.50010 176301.766
29.52010 172247.672
29.54010 169053.234
29.56010 166040.562
29.58010 162401.156
29.60010 158606.672
29.62010 155552.516
29.64010 152723.391
29.66010 149588.641
29.68010 147216.109
29.70010 145535.797
29.72010 144529.594
29.74010 143191.688
29.76010 142213.109
29.78010 141900.109
29.80010 141049.500
29.82010 141021.297
29.84010 140683.688
29.86010 140382.906
29.88010 139738.094
29.90010 139711.344
29.92010 138923.203
29.94010 138562.953
29.96010 138622.094
29.98010 138328.234
30.00010 138811.359
30.02010 137538.578
30.04010 137673.500
30.06010 137746.734
30.08010 136975.703
30.10010 136607.766
30.12010 136871.750
30.14010 137114.438
30.16010 136951.516
30.18010 136833.766
30.20010 136004.938
30.22010 136310.125
30.24010 135653.750
30.26010 135575.047
30.28010 135375.641
30.30010 135727.156
30.32010 135031.688
30.34010 135232.062
30.36010 134927.734
30.38010 135017.688
30.40010 134658.312
30.42010 134260.219
30.44010 134281.750
30.46010 133913.906
30.48010 134313.812
30.50010 133213.031
30.52010 133487.812
30.54010 133551.703
30.56010 132804.531
30.58010 133507.516
30.60010 132942.172
30.62010 132771.969
30.64010 133007.391
30.66010 132075.531
30.68010 132094.078
30.70010 132138.312
30.72010 131348.969
30.74010 131768.438
30.76010 131280.984
30.78010 131905.531
30.80010 131597.141
30.82010 131345.156
30.84010 130824.734
30.86010 130903.758
30.88010 130439.711
30.90010 130500.641
30.92010 130212.117
30.94010 130149.094
30.96010 131007.062
30.98010 130073.672
31.00010 129944.461
31.02010 129838.273
31.04010 130114.625
31.06010 129470.055
31.08010 128889.156
31.10010 129103.664
31.12010 129890.828
31.14010 129333.844
31.16010 129238.680
31.18010 128569.594
31.20010 129079.867
31.22010 129820.641
31.24010 129182.688
31.26010 129457.992
31.28010 129448.023
31.30010 130079.250
31.32010 130254.992
31.34010 130289.359
31.36010 130236.492
31.38010 130293.672
31.40010 130261.172
31.42010 130011.203
31.44010 130291.547
31.46010 129858.508
31.48010 129620.117
31.50010 129419.430
31.52010 129451.086
31.54010 129010.070
31.56010 127761.148
31.58010 128090.047
31.60010 127633.969
31.62010 127093.812
31.64010 126709.383
31.66010 125763.344
31.68010 125851.297
31.70010 125112.062
31.72010 125248.039
31.74010 124736.711
31.76010 125197.281
31.78010 124848.516
31.80010 124990.625
31.82010 124638.227
31.84010 124506.547
31.86010 124538.539
31.88010 123901.961
31.90010 123943.602
31.92010 123729.383
31.94010 123093.203
31.96010 123147.016
31.98010 123568.250
32.00010 123115.742
32.02010 122350.156
32.04010 122816.297
32.06010 122935.969
32.08010 122459.750
32.10010 121849.359
32.12010 121845.305
32.14010 122322.844
32.16010 121968.875
32.18010 121716.211
32.20010 122063.961
32.22010 121789.516
32.24010 121183.023
32.26010 121067.594
32.28010 121895.555
32.30010 121268.625
32.32010 120426.656
32.34010 120822.914
32.36010 120448.820
32.38010 120592.742
32.40010 120213.398
32.42010 120037.391
32.44010 120266.031
32.46010 120400.531
32.48010 119744.617
32.50010 119759.648
32.52010 120017.789
32.54010 119976.898
32.56010 119695.953
32.58010 119095.656
32.60010 118938.438
32.62010 119076.195
32.64010 119311.203
32.66010 118590.000
32.68010 119229.945
32.70010 118714.406
32.72010 118496.258
32.74010 118408.766
32.76010 118799.258
32.78010 118577.039
32.80010 118395.500
32.82010 118202.344
32.84010 118107.297
32.86010 118021.211
32.88010 118025.016
32.90010 117805.023
32.92010 117512.211
32.94010 117216.219
32.96010 117140.859
32.98010 117043.578
33.00010 117078.289
33.02010 117335.664
33.04010 116345.828
33.06010 115883.484
33.08010 115974.375
33.10010 115889.875
33.12010 115544.430
33.14010 115514.805
33.16010 115202.672
33.18010 114534.641
33.20010 114598.133
33.22010 114271.711
33.24010 114453.656
33.26010 114499.547
33.28010 114543.812
33.30010 114698.883
33.32010 114100.805
33.34010 113251.117
33.36010 113733.945
33.38010 113383.562
33.40010 113689.117
33.42010 113024.977
33.44010 112837.531
33.46010 112607.422
33.48010 112771.188
33.50010 112733.406
33.52010 112901.609
33.54010 112676.766
33.56010 112772.523
33.58010 111824.391
33.60010 112362.562
33.62010 111685.438
33.64010 111400.047
33.66010 111913.711
33.68010 111455.328
33.70010 111274.102
33.72010 111139.219
33.74010 110891.406
33.76010 111360.156
33.78010 110558.062
33.80010 110664.516
33.82010 110758.906
33.84010 109976.320
33.86010 110028.320
33.88010 109768.062
33.90010 109321.914
33.92010 109670.047
33.94010 109672.445
33.96010 109599.453
33.98010 109260.734
34.00010 109097.289
34.02010 109016.711
34.04010 109403.828
34.06010 108715.297
34.08010 108816.750
34.10010 108714.469
34.12010 108317.359
34.14010 108290.938
34.16010 107956.500
34.18010 107938.648
34.20010 108548.586
34.22010 107854.375
34.24010 107655.297
34.26010 107200.594
34.28010 107509.562
34.30010 107387.633
34.32010 106707.906
34.34010 106982.562
34.36010 107170.703
34.38010 107081.633
34.40010 106481.031
34.42010 106447.305
34.44010 106681.328
34.46010 106395.766
34.48010 106383.859
34.50010 105752.578
34.52010 105796.742
34.54010 105805.070
34.56010 105584.734
34.58010 105533.391
34.60010 105367.234
34.62010 105529.703
34.64010 104891.492
34.66010 104560.930
34.68010 104927.766
34.70010 104901.648
34.72010 104289.797
34.74010 104363.016
34.76010 104592.023
34.78010 104165.664
34.80010 104210.148
34.82010 104612.617
34.84010 103692.781
34.86010 103033.453
34.88010 103354.727
34.90010 103590.273
34.92010 103370.656
34.94010 103432.672
34.96010 102896.336
34.98010 103421.086
35.00010 103505.828
