Id: "SH-104-1" Phi: "120" Scantype: "2Theta-Theta" Anode: "Cu" Wavelength: "1.5406"
27.00010 162921.109
27.02010 162289.891
27.04010 162242.312
27.06010 161844.891
27.08010 161457.906
27.10010 161562.406
27.12010 161825.406
27.14010 162263.250
27.16010 161151.594
27.18010 161115.578
27.20010 161474.750
27.22010 160556.203
27.24010 160146.750
27.26010 160149.203
27.28010 160252.406
27.30010 159927.594
27.32010 159753.422
27.34010 159405.641
27.36010 158927.219
27.38010 158911.844
27.40010 159421.391
27.42010 159053.734
27.44010 159341.359
27.46010 158884.094
27.48010 158974.344
27.50010 158402.344
27.52010 157736.219
27.54010 158123.938
27.56010 158045.125
27.58010 157702.234
27.60010 157876.422
27.62010 157405.297
27.64010 157064.016
27.66010 157716.953
27.68010 157507.094
27.70010 156739.531
27.72010 156640.797
27.74010 156736.562
27.76010 156511.141
27.78010 156464.094
27.80010 156390.172
27.82010 156401.484
27.84010 156534.578
27.86010 155781.594
27.88010 156400.297
27.90010 155508.609
27.92010 155230.594
27.94010 155580.641
27.96010 155853.422
27.98010 154648.531
28.00010 154758.641
28.02010 154947.750
28.04010 154392.422
28.06010 154557.234
28.08010 154577.500
28.10010 154209.156
28.12010 154055.516
28.14010 154474.578
28.16010 154559.891
28.18010 154064.125
28.20010 153783.938
28.22010 154049.000
28.24010 153640.234
28.26010 153977.328
28.28010 153357.125
28.30010 153243.781
28.32010 153496.359
28.34010 153585.312
28.36010 154172.859
28.38010 153040.250
28.40010 153198.750
28.42010 153044.875
28.44010 153207.984
28.46010 152651.188
28.48010 152351.500
28.50010 152610.766
28.52010 152634.688
28.54010 151883.797
28.56010 152005.438
28.58010 152633.719
28.60010 152209.641
28.62010 151812.062
28.64010 151743.844
28.66010 151024.078
28.68010 152099.281
28.70010 151431.531
28.72010 151509.172
28.74010 150997.859
28.76010 150831.625
28.78010 151693.234
28.80010 151510.203
28.82010 151082.359
28.84010 151430.156
28.86010 151595.938
28.88010 151233.438
28.90010 150659.734
28.92010 150544.281
28.94010 150717.641
28.96010 151100.969
28.98010 151199.578
29.00010 151567.797
29.02010 151291.453
29.04010 151372.250
29.06010 151681.609
29.08010 152495.062
29.10010 153597.703
29.12010 154049.391
29.14010 156316.734
29.16010 158977.594
29.18010 161000.641
29.20010 164761.172
29.22010 169688.469
29.24010 174560.609
29.26010 179904.297
29.28010 185075.641
29.30010 191226.547
29.32010 198060.578
29.34010 201721.188
29.36010 204882.953
29.38010 206277.969
29.40010 207255.875
29.42010 205879.609
29.44010 203667.328
29.46010 200792.500
29.48010 195838.094
29.50010 191509.703
29.52010 185991.078
29.54010 181429.000
29.56010 176218.109
29.58010 172395.297
29.60010 167681.859
29.62010 163835.297
29.64010 160297.859
29.66010 157083.578
29.68010 154249.250
29.70010 151824.297
29.72010 149676.094
29.74010 148670.297
29.76010 147638.312
29.78010 146244.078
29.80010 146126.453
29.82010 144839.891
29.84010 145083.500
29.86010 144326.328
29.88010 143891.219
29.90010 143539.266
29.92010 143356.281
29.94010 143002.047
29.96010 142809.031
29.98010 142427.625
30.00010 142160.953
30.02010 142090.094
30.04010 141284.750
30.06010 141667.062
30.08010 141108.234
30.10010 140597.766
30.12010 140221.031
30.14010 140380.516
30.16010 139511.703
30.18010 140835.141
30.20010 139708.375
30.22010 139755.625
30.24010 139588.109
30.26010 139398.078
30.28010 139651.438
30.30010 139071.469
30.32010 138706.844
30.34010 138394.844
30.36010 138658.422
30.38010 138506.906
30.40010 138530.875
30.42010 137897.141
30.44010 137582.266
30.46010 137797.078
30.48010 137444.297
30.50010 137166.969
30.52010 137119.922
30.54010 137101.781
30.56010 136468.094
30.58010 136698.375
30.60010 136048.375
30.62010 136569.047
30.64010 136277.328
30.66010 135580.594
30.68010 135949.438
30.70010 135627.984
30.72010 135936.359
30.74010 135785.188
30.76010 135812.703
30.78010 134951.281
30.80010 135080.141
30.82010 134598.766
30.84010 134911.250
30.86010 134391.125
30.88010 134229.578
30.90010 134274.391
30.92010 134218.531
30.94010 133870.625
30.96010 133877.891
30.98010 133253.391
31.00010 133228.453
31.02010 133519.688
31.04010 133156.266
31.06010 133136.906
31.08010 132914.516
31.10010 132488.375
31.12010 133129.812
31.14010 133019.750
31.16010 133671.109
31.18010 132423.594
31.20010 132361.641
31.22010 133283.500
31.24010 133555.391
31.26010 133472.078
31.28010 133872.031
31.30010 134254.203
31.32010 134987.391
31.34010 134826.719
31.36010 135724.219
31.38010 135154.125
31.40010 134939.156
31.42010 134589.812
31.44010 134631.125
31.46010 134723.734
31.48010 134075.828
31.50010 133507.031
31.52010 133412.109
31.54010 132633.328
31.56010 131789.859
31.58010 131535.562
31.60010 131122.562
31.62010 130606.922
31.64010 130506.695
31.66010 129427.758
31.68010 129648.914
31.70010 129095.367
31.72010 129094.000
31.74010 128605.273
31.76010 127784.312
31.78010 127498.250
31.80010 127785.086
31.82010 127230.234
31.84010 127185.148
31.86010 127277.562
31.88010 127305.484
31.90010 126921.609
31.92010 126546.250
31.94010 126726.258
31.96010 126020.297
31.98010 125746.703
32.00010 125627.430
32.02010 125420.742
32.04010 125715.133
32.06010 125653.289
32.08010 124954.070
32.10010 125130.227
32.12010 125351.945
32.14010 124802.656
32.16010 124379.469
32.18010 123876.984
32.20010 123925.109
32.22010 124353.391
32.24010 124047.570
32.26010 123987.125
32.28010 123339.047
32.30010 123659.898
32.32010 123714.516
32.34010 123109.125
32.36010 122550.352
32.38010 123111.906
32.40010 122851.617
32.42010 122512.156
32.44010 123173.195
32.46010 122727.656
32.48010 122902.375
32.50010 122211.672
32.52010 121744.047
32.54010 122223.875
32.56010 122014.680
32.58010 121871.164
32.60010 121389.477
32.62010 121769.820
32.64010 121843.328
32.66010 121962.133
32.68010 121737.500
32.70010 121514.039
32.72010 121513.555
32.74010 121741.062
32.76010 121187.805
32.78010 120491.875
32.80010 120855.625
32.82010 120681.078
32.84010 119907.117
32.86010 119983.797
32.88010 120295.352
32.90010 119972.398
32.92010 120186.352
32.94010 119596.977
32.96010 119422.242
32.98010 119523.031
33.00010 118758.656
33.02010 119069.055
33.04010 118607.414
33.06010 118688.984
33.08010 118308.734
33.10010 118339.344
33.12010 118193.555
33.14010 117570.438
33.16010 117538.680
33.18010 117621.211
33.20010 117028.664
33.22010 117051.883
33.24010 116261.922
33.26010 116618.070
33.28010 116251.992
33.30010 116734.055
33.32010 116392.977
33.34010 116031.352
33.36010 116053.414
33.38010 115902.664
33.40010 115635.492
33.42010 115306.719
33.44010 115646.734
33.46010 115203.875
33.48010 115212.039
33.50010 114960.211
33.52010 114937.883
33.54010 114815.156
33.56010 114930.375
33.58010 114374.195
33.60010 114328.438
33.62010 114311.836
33.64010 113969.914
33.66010 114165.938
33.68010 113798.078
33.70010 113949.805
33.72010 112979.031
33.74010 113599.094
33.76010 113528.227
33.78010 113191.180
33.80010 112869.727
33.82010 112393.508
33.84010 112662.742
33.86010 112119.562
33.88010 112143.359
33.90010 111658.320
33.92010 111545.320
33.94010 111778.055
33.96010 111553.836
33.98010 111598.062
34.00010 111719.875
34.02010 111592.742
34.04010 111868.320
34.06010 111592.156
34.08010 110768.586
34.10010 111294.047
34.12010 110594.008
34.14010 110639.156
34.16010 110287.461
34.18010 109965.984
34.20010 109692.234
34.22010 110108.375
34.24010 109756.336
34.26010 109681.492
34.28010 109840.516
34.30010 109234.859
34.32010 109360.523
34.34010 109175.852
34.36010 109310.859
34.38010 109039.852
34.40010 108585.000
34.42010 108823.766
34.44010 108778.422
34.46010 108315.328
34.48010 108734.891
34.50010 108200.492
34.52010 107688.883
34.54010 107610.242
34.56010 107732.836
34.58010 107883.539
34.60010 107263.391
34.62010 107699.328
34.64010 106889.102
34.66010 106792.922
34.68010 106956.688
34.70010 106895.812
34.72010 106930.602
34.74010 106766.164
34.76010 106621.711
34.78010 106258.375
34.80010 106167.219
34.82010 106668.320
34.84010 106263.695
34.86010 106027.773
34.88010 105671.000
34.90010 105953.992
34.92010 105577.273
34.94010 106156.023
34.96010 105256.406
34.98010 105392.297
35.00010 105206.617
