Id: "SH-104-1" Phi: "90" Scantype: "2Theta-Theta" Anode: "Cu" Wavelength: "1.5406"
27.00010 161741.438
27.02010 161941.625
27.04010 161108.219
27.06010 161379.172
27.08010 161180.219
27.10010 161152.828
27.12010 160739.297
27.14010 160923.125
27.16010 159884.234
27.18010 160157.578
27.20010 159621.000
27.22010 159564.016
27.24010 159862.719
27.26010 159183.078
27.28010 158906.891
27.30010 159510.109
27.32010 159148.188
27.34010 158688.109
27.36010 158384.953
27.38010 158816.266
27.40010 158530.609
27.42010 158581.797
27.44010 157999.359
27.46010 157395.359
27.48010 157736.938
27.50010 157268.500
27.52010 157151.734
27.54010 156558.141
27.56010 156869.484
27.58010 156873.344
27.60010 156208.609
27.62010 156284.000
27.64010 155928.188
27.66010 155904.188
27.68010 155588.625
27.70010 155134.438
27.72010 155807.172
27.74010 155416.406
27.76010 154868.734
27.78010 155178.125
27.80010 154931.938
27.82010 155183.312
27.84010 154726.297
27.86010 154524.531
27.88010 154121.500
27.90010 154576.500
27.92010 154532.828
27.94010 154848.938
27.96010 153887.453
27.98010 153923.469
28.00010 153134.641
28.02010 152718.891
28.04010 153126.359
28.06010 153039.922
28.08010 153570.141
28.10010 153194.594
28.12010 152667.688
28.14010 152335.734
28.16010 152737.328
28.18010 152875.125
28.20010 152239.984
28.22010 151993.094
28.24010 152063.609
28.26010 151863.281
28.28010 151689.547
28.30010 151246.219
28.32010 151397.500
28.34010 150933.047
28.36010 151505.797
28.38010 151622.656
28.40010 151369.453
28.42010 150913.875
28.44010 151373.125
28.46010 150783.844
28.48010 150472.688
28.50010 150643.375
28.52010 150174.312
28.54010 150109.594
28.56010 150296.266
28.58010 150492.422
28.60010 149921.156
28.62010 150881.906
28.64010 150088.219
28.66010 149814.547
28.68010 149931.625
28.70010 149801.047
28.72010 149437.578
28.74010 149775.656
28.76010 150132.438
28.78010 149154.797
28.80010 149261.281
28.82010 149257.391
28.84010 148588.719
28.86010 149043.625
28.88010 149189.875
28.90010 148286.062
28.92010 148954.141
28.94010 148871.406
28.96010 149213.000
28.98010 149086.000
29.00010 149604.500
29.02010 150161.312
29.04010 149315.688
29.06010 149376.094
29.08010 149376.000
29.10010 150123.703
29.12010 150492.125
29.14010 151615.547
29.16010 152744.391
29.18010 155016.531
29.20010 156368.578
29.22010 158760.625
29.24010 162893.031
29.26010 166588.234
29.28010 171137.109
29.30010 175292.734
29.32010 179362.797
29.34010 184027.109
29.36010 187055.969
29.38010 189262.125
29.40010 190752.812
29.42010 190956.297
29.44010 189966.891
29.46010 188142.562
29.48010 185842.688
29.50010 182901.734
29.52010 179312.016
29.54010 176178.812
29.56010 172919.094
29.58010 168843.906
29.60010 164455.953
29.62010 160246.422
29.64010 157796.578
29.66010 154647.547
29.68010 152352.188
29.70010 150026.016
29.72010 148844.875
29.74010 146951.688
29.76010 145564.641
29.78010 145440.406
29.80010 144152.812
29.82010 143890.406
29.84010 142235.625
29.86010 142265.734
29.88010 141949.562
29.90010 141929.281
29.92010 141925.625
29.94010 141815.859
29.96010 141536.141
29.98010 140832.047
30.00010 140474.656
30.02010 140015.844
30.04010 139837.875
30.06010 139876.438
30.08010 139038.062
30.10010 139368.438
30.12010 139327.953
30.14010 139180.797
30.16010 138908.766
30.18010 138217.844
30.20010 137728.016
30.22010 138101.469
30.24010 138215.734
30.26010 137742.297
30.28010 137475.234
30.30010 137219.844
30.32010 137238.953
30.34010 136518.953
30.36010 137186.922
30.38010 137035.812
30.40010 136259.188
30.42010 136514.422
30.44010 136274.125
30.46010 135897.609
30.48010 135610.266
30.50010 136189.078
30.52010 135164.031
30.54010 135119.578
30.56010 135212.234
30.58010 134446.859
30.60010 134731.375
30.62010 134923.766
30.64010 135018.578
30.66010 134505.953
30.68010 133923.906
30.70010 134322.734
30.72010 133480.219
30.74010 134049.828
30.76010 133378.531
30.78010 132961.141
30.80010 133421.031
30.82010 132865.922
30.84010 132925.109
30.86010 132676.891
30.88010 132698.625
30.90010 132683.516
30.92010 132632.625
30.94010 132333.812
30.96010 132077.812
30.98010 132041.406
31.00010 132147.125
31.02010 132065.781
31.04010 131373.469
31.06010 131097.125
31.08010 130899.352
31.10010 131197.922
31.12010 131296.453
31.14010 130684.422
31.16010 131213.906
31.18010 130519.125
31.20010 131517.812
31.22010 131439.234
31.24010 131550.141
31.26010 130969.211
31.28010 131699.016
31.30010 132056.703
31.32010 131921.328
31.34010 132689.641
31.36010 132310.031
31.38010 132745.609
31.40010 132603.812
31.42010 132270.828
31.44010 132550.266
31.46010 132118.094
31.48010 131636.766
31.50010 131362.922
31.52010 131291.578
31.54010 130618.555
31.56010 130165.539
31.58010 130333.188
31.60010 129432.922
31.62010 129283.492
31.64010 129660.828
31.66010 128628.586
31.68010 127611.977
31.70010 127625.539
31.72010 126650.609
31.74010 126208.570
31.76010 126673.234
31.78010 126233.344
31.80010 126419.219
31.82010 126076.320
31.84010 126024.609
31.86010 125416.742
31.88010 125029.992
31.90010 125254.789
31.92010 125380.188
31.94010 124517.859
31.96010 125079.172
31.98010 124589.219
32.00010 124298.969
32.02010 124977.586
32.04010 124478.469
32.06010 124300.547
32.08010 123903.203
32.10010 123962.398
32.12010 123652.352
32.14010 124004.742
32.16010 123389.648
32.18010 123448.633
32.20010 123691.984
32.22010 123293.625
32.24010 123016.836
32.26010 122418.328
32.28010 122107.312
32.30010 122290.516
32.32010 122396.797
32.34010 122285.766
32.36010 122202.984
32.38010 122303.609
32.40010 122143.914
32.42010 121539.422
32.44010 122050.102
32.46010 121641.828
32.48010 121603.305
32.50010 121416.391
32.52010 121557.602
32.54010 121204.555
32.56010 120938.828
32.58010 121022.508
32.60010 121487.398
32.62010 121369.492
32.64010 120902.094
32.66010 120902.531
32.68010 120313.859
32.70010 120593.422
32.72010 120485.445
32.74010 120055.633
32.76010 119644.609
32.78010 120090.719
32.80010 119476.859
32.82010 119338.336
32.84010 119466.258
32.86010 119304.164
32.88010 119758.750
32.90010 119565.508
32.92010 119311.492
32.94010 117884.305
32.96010 118295.055
32.98010 118377.781
33.00010 118236.141
33.02010 117727.070
33.04010 117860.461
33.06010 117258.992
33.08010 117769.547
33.10010 117559.461
33.12010 116854.898
33.14010 116710.625
33.16010 116618.594
33.18010 116674.055
33.20010 116265.492
33.22010 115886.555
33.24010 115594.305
33.26010 115481.000
33.28010 115985.398
33.30010 115535.992
33.32010 114766.133
33.34010 114906.273
33.36010 115176.516
33.38010 114794.773
33.40010 114690.383
33.42010 115006.266
33.44010 114295.570
33.46010 114400.875
33.48010 114190.461
33.50010 113810.805
33.52010 113884.062
33.54010 113593.008
33.56010 113198.812
33.58010 113427.000
33.60010 113108.984
33.62010 112878.586
33.64010 113252.758
33.66010 113541.008
33.68010 112478.289
33.70010 113145.797
33.72010 112435.938
33.74010 112338.062
33.76010 112006.156
33.78010 112619.211
33.80010 112315.578
33.82010 111895.344
33.84010 111431.422
33.86010 111481.406
33.88010 111846.203
33.90010 111167.641
33.92010 110897.672
33.94010 111272.172
33.96010 111150.750
33.98010 110598.883
34.00010 110543.727
34.02010 110703.234
34.04010 110421.656
34.06010 110274.867
34.08010 110484.086
34.10010 110463.555
34.12010 109739.555
34.14010 109669.844
34.16010 109016.742
34.18010 109245.289
34.20010 109570.711
34.22010 109352.055
34.24010 109405.773
34.26010 109643.508
34.28010 108387.156
34.30010 108951.594
34.32010 108356.156
34.34010 108321.172
34.36010 107774.969
34.38010 107612.125
34.40010 107177.586
34.42010 107820.359
34.44010 107360.227
34.46010 107718.891
34.48010 107663.258
34.50010 107660.922
34.52010 107748.625
34.54010 106767.961
34.56010 106923.281
34.58010 106820.602
34.60010 106617.609
34.62010 106413.266
34.64010 106672.680
34.66010 106480.609
34.68010 106645.109
34.70010 106006.008
34.72010 105858.938
34.74010 105907.938
34.76010 105660.453
34.78010 105765.312
34.80010 105255.391
34.82010 104916.031
34.84010 105062.008
34.86010 104573.680
34.88010 104720.000
34.90010 104936.602
34.92010 104563.555
34.94010 104621.945
34.96010 105001.078
34.98010 104354.547
35.00010 103852.969
