Id: "SH-104-1" Phi: "0" Scantype: "2Theta-Theta" Anode: "Cu" Wavelength: "1.5406"
27.00010 159902.062
27.02010 159722.500
27.04010 159105.562
27.06010 159838.422
27.08010 159860.406
27.10010 159336.500
27.12010 158891.000
27.14010 158971.094
27.16010 158724.781
27.18010 158681.125
27.20010 158360.922
27.22010 158590.828
27.24010 158416.062
27.26010 158208.344
27.28010 158206.172
27.30010 158237.453
27.32010 158133.875
27.34010 157640.172
27.36010 156990.578
27.38010 157714.234
27.40010 156815.234
27.42010 156827.297
27.44010 156737.141
27.46010 156963.047
27.48010 157289.344
27.50010 156257.609
27.52010 156245.047
27.54010 156237.562
27.56010 156373.422
27.58010 156071.484
27.60010 156092.203
27.62010 155979.344
27.64010 155648.000
27.66010 155534.156
27.68010 155693.906
27.70010 155493.688
27.72010 155926.406
27.74010 155359.875
27.76010 154756.953
27.78010 154910.578
27.80010 155006.922
27.82010 155032.469
27.84010 155026.281
27.86010 154514.859
27.88010 154665.891
27.90010 154253.406
27.92010 153893.609
27.94010 153853.594
27.96010 154431.516
27.98010 153548.672
28.00010 154436.422
28.02010 153209.500
28.04010 153052.812
28.06010 153572.344
28.08010 153720.281
28.10010 153418.562
28.12010 153141.844
28.14010 153980.219
28.16010 153192.688
28.18010 153296.828
28.20010 152443.094
28.22010 152672.672
28.24010 153180.703
28.26010 152384.797
28.28010 152481.219
28.30010 152232.453
28.32010 152172.750
28.34010 151880.438
28.36010 151724.375
28.38010 151434.750
28.40010 151578.281
28.42010 151883.891
28.44010 151895.344
28.46010 151892.906
28.48010 152077.953
28.50010 152294.484
28.52010 151686.250
28.54010 151227.250
28.56010 151710.891
28.58010 151116.469
28.60010 151105.438
28.62010 151308.516
28.64010 151055.375
28.66010 151125.000
28.68010 150470.844
28.70010 151378.609
28.72010 150541.641
28.74010 150404.703
28.76010 150670.359
28.78010 150820.609
28.80010 150235.875
28.82010 150488.031
28.84010 150242.719
28.86010 149854.625
28.88010 150447.094
28.90010 149773.938
28.92010 150356.469
28.94010 150765.031
28.96010 150515.359
28.98010 150356.922
29.00010 150102.531
29.02010 150932.766
29.04010 150400.516
29.06010 151047.047
29.08010 152048.562
29.10010 151837.797
29.12010 152833.031
29.14010 153093.297
29.16010 155343.906
29.18010 157789.406
29.20010 160480.328
29.22010 163488.797
29.24010 166324.938
29.26010 170551.312
29.28010 174142.516
29.30010 178686.297
29.32010 182811.547
29.34010 187303.828
29.36010 190676.125
29.38010 193325.734
29.40010 195613.219
29.42010 196490.016
29.44010 195914.562
29.46010 195060.828
29.48010 193199.125
29.50010 189339.188
29.52010 186472.953
29.54010 182718.547
29.56010 177860.000
29.58010 173151.031
29.60010 169028.391
29.62010 165170.609
29.64010 160727.406
29.66010 157427.969
29.68010 154767.656
29.70010 152529.969
29.72010 150145.250
29.74010 148430.297
29.76010 147130.219
29.78010 146344.969
29.80010 145489.266
29.82010 144589.609
29.84010 144958.922
29.86010 143940.656
29.88010 143846.297
29.90010 143277.453
29.92010 143423.828
29.94010 143163.312
29.96010 142834.984
29.98010 142681.109
30.00010 142037.781
30.02010 141672.766
30.04010 141769.250
30.06010 141857.844
30.08010 141013.172
30.10010 141786.547
30.12010 140806.531
30.14010 140199.656
30.16010 140463.844
30.18010 140353.234
30.20010 139812.703
30.22010 139848.109
30.24010 139023.562
30.26010 139832.781
30.28010 139177.625
30.30010 138817.531
30.32010 139163.656
30.34010 139189.047
30.36010 139384.312
30.38010 138458.641
30.40010 137976.203
30.42010 138640.859
30.44010 137870.500
30.46010 137949.969
30.48010 137617.156
30.50010 137736.828
30.52010 137051.516
30.54010 137182.641
30.56010 136563.391
30.58010 136872.703
30.60010 137503.109
30.62010 136066.594
30.64010 135964.297
30.66010 136496.906
30.68010 135860.016
30.70010 135642.391
30.72010 135138.000
30.74010 135546.750
30.76010 135579.844
30.78010 134995.688
30.80010 134568.266
30.82010 135076.906
30.84010 134575.344
30.86010 134350.797
30.88010 134739.406
30.90010 135278.969
30.92010 134891.781
30.94010 133832.594
30.96010 133757.828
30.98010 133936.016
31.00010 133992.969
31.02010 133682.609
31.04010 133311.422
31.06010 132664.344
31.08010 133349.875
31.10010 133143.312
31.12010 132984.422
31.14010 133340.094
31.16010 133574.562
31.18010 133003.188
31.20010 133216.141
31.22010 133541.750
31.24010 132631.047
31.26010 133103.359
31.28010 133263.859
31.30010 133803.219
31.32010 134347.812
31.34010 133998.469
31.36010 134910.906
31.38010 135345.562
31.40010 134537.109
31.42010 135087.328
31.44010 134762.828
31.46010 134416.188
31.48010 133932.312
31.50010 133868.797
31.52010 133408.969
31.54010 132579.547
31.56010 132526.453
31.58010 132015.109
31.60010 131124.047
31.62010 130680.508
31.64010 130820.914
31.66010 130277.242
31.68010 130260.812
31.70010 129322.984
31.72010 128590.391
31.74010 128177.195
31.76010 128386.234
31.78010 128164.625
31.80010 127715.891
31.82010 127883.648
31.84010 127559.172
31.86010 127692.555
31.88010 126741.211
31.90010 127247.156
31.92010 127041.508
31.94010 126940.180
31.96010 126732.062
31.98010 126815.938
32.00010 126862.914
32.02010 126411.211
32.04010 126049.305
32.06010 125944.281
32.08010 125583.125
32.10010 125614.258
32.12010 125377.398
32.14010 125324.078
32.16010 125561.078
32.18010 125208.867
32.20010 125038.594
32.22010 124355.742
32.24010 124539.750
32.26010 124294.539
32.28010 124732.453
32.30010 124435.250
32.32010 124307.922
32.34010 124048.805
32.36010 123843.031
32.38010 123848.102
32.40010 123594.461
32.42010 123841.070
32.44010 123235.508
32.46010 123236.203
32.48010 123272.844
32.50010 123210.656
32.52010 123128.109
32.54010 122980.297
32.56010 122989.719
32.58010 122342.367
32.60010 122506.914
32.62010 122215.156
32.64010 122697.016
32.66010 121827.383
32.68010 121644.539
32.70010 121707.641
32.72010 121509.852
32.74010 121589.938
32.76010 121646.016
32.78010 121291.977
32.80010 121222.430
32.82010 121758.102
32.84010 121261.672
32.86010 121020.422
32.88010 120570.453
32.90010 120864.555
32.92010 120149.961
32.94010 120273.789
32.96010 119696.625
32.98010 119297.664
33.00010 119165.188
33.02010 119064.992
33.04010 118294.867
33.06010 119539.875
33.08010 119417.055
33.10010 118558.195
33.12010 118540.172
33.14010 118180.672
33.16010 118288.805
33.18010 117549.492
33.20010 117450.305
33.22010 117443.633
33.24010 117148.734
33.26010 117135.727
33.28010 116560.906
33.30010 116805.820
33.32010 116563.805
33.34010 116672.977
33.36010 116707.328
33.38010 116555.875
33.40010 116244.797
33.42010 115693.508
33.44010 115052.812
33.46010 115148.000
33.48010 115191.008
33.50010 115242.422
33.52010 115243.492
33.54010 114748.094
33.56010 114994.727
33.58010 114571.250
33.60010 114249.570
33.62010 114559.711
33.64010 114345.570
33.66010 114671.266
33.68010 114087.922
33.70010 113350.570
33.72010 114026.477
33.74010 113730.961
33.76010 113068.000
33.78010 113595.734
33.80010 113354.719
33.82010 112950.461
33.84010 112879.484
33.86010 112780.844
33.88010 112631.953
33.90010 112008.039
33.92010 112061.062
33.94010 111923.109
33.96010 112173.031
33.98010 111793.008
34.00010 111241.578
34.02010 111951.266
34.04010 111384.719
34.06010 111628.797
34.08010 111438.719
34.10010 111497.664
34.12010 110621.320
34.14010 110771.398
34.16010 110917.766
34.18010 110801.672
34.20010 109996.484
34.22010 110041.703
34.24010 110433.070
34.26010 110174.500
34.28010 109698.547
34.30010 109211.094
34.32010 108920.688
34.34010 109500.633
34.36010 109297.781
34.38010 109230.141
34.40010 108947.148
34.42010 109620.852
34.44010 108710.367
34.46010 108962.531
34.48010 108292.820
34.50010 108440.711
34.52010 108144.594
34.54010 108105.117
34.56010 107813.180
34.58010 107867.750
34.60010 108323.344
34.62010 107254.328
34.64010 107742.273
34.66010 107265.031
34.68010 107128.773
34.70010 107262.406
34.72010 106595.500
34.74010 106634.875
34.76010 106452.039
34.78010 106448.578
34.80010 106647.648
34.82010 105784.586
34.84010 105978.375
34.86010 105581.156
34.88010 105496.617
34.90010 105425.938
34.92010 105730.984
34.94010 105446.758
34.96010 105860.539
34.98010 105299.422
35.00010 105032.719
