Id: "SH-104-1" Phi: "150" Scantype: "2Theta-Theta" Anode: "Cu" Wavelength: "1.5406"
27.00010 167905.219
27.02010 167679.500
27.04010 167370.438
27.06010 167822.781
27.08010 167639.625
27.10010 167351.547
27.12010 167433.781
27.14010 166887.500
27.16010 167420.609
27.18010 167053.156
27.20010 166584.219
27.22010 166695.234
27.24010 166414.750
27.26010 166605.453
27.28010 165639.844
27.30010 165818.859
27.32010 165416.141
27.34010 165188.656
27.36010 164742.578
27.38010 164873.656
27.40010 164150.172
27.42010 163996.250
27.44010 164217.203
27.46010 163722.188
27.48010 164211.734
27.50010 163980.562
27.52010 164087.359
27.54010 163679.703
27.56010 163265.703
27.58010 162368.453
27.60010 162879.203
27.62010 163084.844
27.64010 163095.031
27.66010 162254.766
27.68010 163419.859
27.70010 162182.844
27.72010 162210.359
27.74010 162167.609
27.76010 162117.578
27.78010 161685.219
27.80010 161883.688
27.82010 161115.688
27.84010 160770.359
27.86010 160838.188
27.88010 160571.875
27.90010 160296.422
27.92010 160418.578
27.94010 160546.906
27.96010 160049.438
27.98010 160032.969
28.00010 159272.125
28.02010 159562.688
28.04010 159734.672
28.06010 159787.531
28.08010 158844.531
28.10010 159342.547
28.12010 158891.875
28.14010 159263.922
28.16010 158095.609
28.18010 158461.281
28.20010 158705.922
28.22010 158871.812
28.24010 158389.516
28.26010 157676.266
28.28010 157611.656
28.30010 157645.734
28.32010 157746.234
28.34010 157423.875
28.36010 156758.016
28.38010 157731.469
28.40010 158138.609
28.42010 157292.594
28.44010 156419.719
28.46010 156780.266
28.48010 156997.141
28.50010 156361.734
28.52010 156444.344
28.54010 156806.562
28.56010 157167.062
28.58010 157072.453
28.60010 156176.812
28.62010 156536.828
28.64010 156203.344
28.66010 155972.766
28.68010 155610.688
28.70010 156614.875
28.72010 155489.578
28.74010 154962.031
28.76010 155220.969
28.78010 155464.219
28.80010 155349.938
28.82010 155266.812
28.84010 155119.141
28.86010 154879.922
28.88010 155360.422
28.90010 154802.891
28.92010 154719.188
28.94010 155132.953
28.96010 155360.047
28.98010 155206.312
29.00010 155526.469
29.02010 154972.281
29.04010 155604.906
29.06010 155881.812
29.08010 155942.094
29.10010 157499.094
29.12010 158512.531
29.14010 160027.219
29.16010 161615.312
29.18010 165343.062
29.20010 169373.391
29.22010 174084.719
29.24010 179710.781
29.26010 185569.453
29.28010 191261.516
29.30010 197275.047
29.32010 202478.094
29.34010 206815.000
29.36010 210406.797
29.38010 212127.172
29.40010 211805.000
29.42010 211226.312
29.44010 208414.469
29.46010 205672.703
29.48010 201140.453
29.50010 195786.359
29.52010 190421.312
29.54010 184996.500
29.56010 180272.094
29.58010 175106.875
29.60010 170558.906
29.62010 166190.000
29.64010 162982.562
29.66010 159303.938
29.68010 157124.703
29.70010 154482.906
29.72010 153425.594
29.74010 151864.703
29.76010 150123.969
29.78010 149925.453
29.80010 148839.203
29.82010 148391.391
29.84010 147181.844
29.86010 147013.984
29.88010 146893.000
29.90010 146905.484
29.92010 146525.312
29.94010 145789.203
29.96010 146294.625
29.98010 146223.062
30.00010 145344.406
30.02010 144724.094
30.04010 145095.156
30.06010 143640.266
30.08010 144236.422
30.10010 144834.094
30.12010 144723.516
30.14010 143976.906
30.16010 143841.641
30.18010 143125.391
30.20010 142625.094
30.22010 143098.125
30.24010 142555.281
30.26010 142071.297
30.28010 142270.297
30.30010 142560.125
30.32010 142179.641
30.34010 141445.094
30.36010 141713.547
30.38010 141110.031
30.40010 141327.500
30.42010 140719.141
30.44010 140676.141
30.46010 140582.969
30.48010 140715.812
30.50010 140755.578
30.52010 140071.094
30.54010 140612.266
30.56010 139559.500
30.58010 139167.578
30.60010 139576.188
30.62010 139597.047
30.64010 139096.234
30.66010 139233.672
30.68010 138803.219
30.70010 137990.859
30.72010 138446.625
30.74010 138502.125
30.76010 138319.625
30.78010 138225.312
30.80010 137607.125
30.82010 137431.500
30.84010 137134.484
30.86010 137197.016
30.88010 137379.234
30.90010 137303.438
30.92010 137010.734
30.94010 136570.625
30.96010 136176.000
30.98010 136478.406
31.00010 136435.969
31.02010 136022.750
31.04010 135993.547
31.06010 135923.016
31.08010 135439.594
31.10010 135055.641
31.12010 135257.500
31.14010 135808.406
31.16010 135556.641
31.18010 135641.922
31.20010 135688.641
31.22010 135600.156
31.24010 136579.188
31.26010 136184.312
31.28010 136759.422
31.30010 137765.500
31.32010 137395.672
31.34010 138180.562
31.36010 138251.047
31.38010 138443.562
31.40010 137869.859
31.42010 137536.234
31.44010 137007.625
31.46010 137308.359
31.48010 136821.094
31.50010 136330.188
31.52010 135501.484
31.54010 135365.344
31.56010 134388.750
31.58010 133722.266
31.60010 132871.125
31.62010 132309.359
31.64010 132160.922
31.66010 131895.797
31.68010 131551.766
31.70010 130778.852
31.72010 130900.156
31.74010 130324.328
31.76010 130133.773
31.78010 130048.992
31.80010 130286.023
31.82010 130332.828
31.84010 129893.438
31.86010 129491.266
31.88010 129720.336
31.90010 128723.586
31.92010 128480.547
31.94010 128057.891
31.96010 127555.344
31.98010 128062.281
32.00010 128274.484
32.02010 127757.508
32.04010 127817.789
32.06010 127634.750
32.08010 127594.953
32.10010 127366.656
32.12010 127557.078
32.14010 127149.578
32.16010 127311.258
32.18010 126670.852
32.20010 126574.773
32.22010 127014.930
32.24010 126488.281
32.26010 126162.086
32.28010 126187.930
32.30010 126137.211
32.32010 125563.883
32.34010 125990.805
32.36010 125986.422
32.38010 124900.055
32.40010 125302.062
32.42010 124798.617
32.44010 125051.617
32.46010 124418.281
32.48010 124462.430
32.50010 124225.648
32.52010 125057.586
32.54010 124678.477
32.56010 124386.258
32.58010 123955.344
32.60010 123937.758
32.62010 123545.352
32.64010 124110.258
32.66010 123589.766
32.68010 123177.539
32.70010 123502.320
32.72010 122920.906
32.74010 123143.500
32.76010 123286.031
32.78010 122936.797
32.80010 122799.195
32.82010 122499.711
32.84010 122323.047
32.86010 122213.719
32.88010 122340.836
32.90010 122068.398
32.92010 121265.016
32.94010 121521.039
32.96010 121633.930
32.98010 121386.828
33.00010 121734.742
33.02010 121244.383
33.04010 120722.055
33.06010 120865.266
33.08010 120773.664
33.10010 120819.062
33.12010 119720.961
33.14010 120210.039
33.16010 119927.031
33.18010 119041.016
33.20010 119046.195
33.22010 119493.906
33.24010 118873.734
33.26010 118765.977
33.28010 118345.547
33.30010 118028.211
33.32010 118166.836
33.34010 117716.758
33.36010 117832.328
33.38010 117996.945
33.40010 117708.430
33.42010 117057.406
33.44010 117305.711
33.46010 117239.805
33.48010 117137.070
33.50010 116277.867
33.52010 116395.812
33.54010 116015.641
33.56010 116271.633
33.58010 116193.906
33.60010 116435.758
33.62010 116518.781
33.64010 116846.617
33.66010 115635.352
33.68010 115457.555
33.70010 115798.781
33.72010 115337.750
33.74010 114935.523
33.76010 115142.242
33.78010 115140.602
33.80010 115109.422
33.82010 114634.391
33.84010 114150.688
33.86010 114645.602
33.88010 113485.383
33.90010 113794.070
33.92010 114123.406
33.94010 114800.664
33.96010 114127.133
33.98010 114298.969
34.00010 113846.102
34.02010 113816.906
34.04010 113228.930
34.06010 112660.328
34.08010 113112.508
34.10010 112681.062
34.12010 112681.773
34.14010 112729.805
34.16010 111916.492
34.18010 112407.258
34.20010 112653.992
34.22010 112114.453
34.24010 111851.234
34.26010 112280.273
34.28010 112317.734
34.30010 111630.445
34.32010 111565.266
34.34010 111684.078
34.36010 110762.633
34.38010 110819.844
34.40010 111519.656
34.42010 110296.328
34.44010 110418.109
34.46010 110327.750
34.48010 110277.023
34.50010 110060.531
34.52010 109796.312
34.54010 109976.422
34.56010 109508.266
34.58010 110397.289
34.60010 109236.523
34.62010 109340.211
34.64010 109257.586
34.66010 109306.586
34.68010 109453.430
34.70010 108953.211
34.72010 108295.211
34.74010 108607.188
34.76010 107761.734
34.78010 108050.820
34.80010 108276.945
34.82010 107751.078
34.84010 108346.438
34.86010 107929.469
34.88010 107865.750
34.90010 107519.984
34.92010 107492.992
34.94010 107500.609
34.96010 107212.156
34.98010 107638.336
35.00010 107169.844
