Id: "SH-104-1" Phi: "60" Scantype: "2Theta-Theta" Anode: "Cu" Wavelength: "1.5406"
27.00010 159162.875
27.02010 158427.078
27.04010 158787.703
27.06010 158156.891
27.08010 158769.344
27.10010 158476.078
27.12010 157774.219
27.14010 158070.984
27.16010 158377.844
27.18010 157698.828
27.20010 158109.484
27.22010 156914.281
27.24010 156966.375
27.26010 156291.203
27.28010 156620.828
27.30010 157206.812
27.32010 155884.719
27.34010 155499.781
27.36010 155212.375
27.38010 155035.016
27.40010 155337.219
27.42010 154984.906
27.44010 155236.281
27.46010 154914.453
27.48010 155279.812
27.50010 154072.562
27.52010 153886.594
27.54010 154339.281
27.56010 154702.859
27.58010 153924.453
27.60010 153915.734
27.62010 153887.062
27.64010 153641.641
27.66010 152763.641
27.68010 152567.016
27.70010 153061.578
27.72010 153013.859
27.74010 152840.938
27.76010 152521.906
27.78010 152669.688
27.80010 152509.906
27.82010 152275.375
27.84010 151756.375
27.86010 151689.547
27.88010 151673.594
27.90010 152057.547
27.92010 151639.484
27.94010 151388.859
27.96010 151006.609
27.98010 150893.797
28.00010 150799.891
28.02010 149855.188
28.04010 150763.703
28.06010 151325.109
28.08010 149848.953
28.10010 150087.047
28.12010 149748.234
28.14010 149929.562
28.16010 150207.750
28.18010 149669.328
28.20010 149729.828
28.22010 149104.750
28.24010 148740.391
28.26010 149058.375
28.28010 149674.484
28.30010 148830.391
28.32010 148484.172
28.34010 148581.031
28.36010 148639.250
28.38010 149144.359
28.40010 148760.328
28.42010 148071.266
28.44010 148538.188
28.46010 148052.266
28.48010 147969.250
28.50010 147769.000
28.52010 148284.500
28.54010 147109.344
28.56010 146983.188
28.58010 147460.594
28.60010 146648.156
28.62010 146851.094
28.64010 147600.312
28.66010 146708.172
28.68010 146676.359
28.70010 146497.781
28.72010 147362.594
28.74010 146811.078
28.76010 146787.188
28.78010 146135.812
28.80010 145846.578
28.82010 145896.453
28.84010 145845.531
28.86010 146115.172
28.88010 145674.500
28.90010 145705.109
28.92010 146182.500
28.94010 145931.750
28.96010 145404.781
28.98010 146176.297
29.00010 146189.938
29.02010 145488.219
29.04010 146175.891
29.06010 146056.906
29.08010 145725.672
29.10010 146759.906
29.12010 146441.000
29.14010 147410.031
29.16010 148703.375
29.18010 148856.266
29.20010 150995.656
29.22010 153442.438
29.24010 155556.203
29.26010 158094.281
29.28010 161077.484
29.30010 164825.828
29.32010 167594.688
29.34010 170700.656
29.36010 172440.484
29.38010 174919.859
29.40010 175914.812
29.42010 177123.375
29.44010 177315.578
29.46010 175645.250
29.48010 174365.188
29.50010 171870.984
29.52010 169761.453
29.54010 167013.438
29.56010 164129.531
29.58010 160571.766
29.60010 157686.984
29.62010 154845.766
29.64010 151809.297
29.66010 148890.703
29.68010 146644.297
29.70010 145007.328
29.72010 144259.406
29.74010 142979.344
29.76010 142220.438
29.78010 141206.172
29.80010 141187.109
29.82010 140450.719
29.84010 140400.000
29.86010 138987.875
29.88010 139395.859
29.90010 138817.781
29.92010 138171.031
29.94010 138222.750
29.96010 137988.391
29.98010 138302.266
30.00010 137537.703
30.02010 137547.094
30.04010 137234.500
30.06010 137105.797
30.08010 136918.391
30.10010 137261.906
30.12010 136403.844
30.14010 136253.516
30.16010 136240.547
30.18010 135994.859
30.20010 135913.844
30.22010 135332.984
30.24010 135362.203
30.26010 135541.281
30.28010 135214.969
30.30010 134676.625
30.32010 134426.219
30.34010 135082.828
30.36010 135004.422
30.38010 134030.062
30.40010 133599.000
30.42010 133875.109
30.44010 133342.594
30.46010 134018.094
30.48010 133022.094
30.50010 132983.422
30.52010 132763.469
30.54010 133190.672
30.56010 132997.672
30.58010 132422.109
30.60010 132200.094
30.62010 131867.156
30.64010 132501.203
30.66010 131734.500
30.68010 131609.359
30.70010 131785.250
30.72010 131655.641
30.74010 130977.320
30.76010 131692.844
30.78010 131212.906
30.80010 130804.578
30.82010 131016.016
30.84010 131104.625
30.86010 131120.938
30.88010 130719.125
30.90010 130105.062
30.92010 129936.602
30.94010 130017.992
30.96010 130150.383
30.98010 130006.969
31.00010 129505.211
31.02010 129262.055
31.04010 128857.539
31.06010 128949.984
31.08010 128788.758
31.10010 129260.250
31.12010 128754.469
31.14010 128543.266
31.16010 128679.836
31.18010 129479.453
31.20010 128815.328
31.22010 128616.641
31.24010 128853.469
31.26010 128748.023
31.28010 128951.461
31.30010 128481.336
31.32010 128872.258
31.34010 129723.484
31.36010 130393.578
31.38010 129833.109
31.40010 129817.141
31.42010 130096.922
31.44010 129393.906
31.46010 129008.766
31.48010 129088.039
31.50010 128263.547
31.52010 128459.523
31.54010 128329.383
31.56010 127603.797
31.58010 127091.953
31.60010 126394.391
31.62010 126157.391
31.64010 126480.070
31.66010 126434.305
31.68010 125594.773
31.70010 124717.797
31.72010 124783.844
31.74010 124725.859
31.76010 124333.617
31.78010 123868.938
31.80010 124396.000
31.82010 123634.430
31.84010 123417.641
31.86010 123491.914
31.88010 123217.961
31.90010 122850.820
31.92010 122748.352
31.94010 122433.219
31.96010 122631.656
31.98010 122928.320
32.00010 122187.148
32.02010 122114.250
32.04010 121849.273
32.06010 122141.430
32.08010 122027.781
32.10010 121531.000
32.12010 121743.125
32.14010 121442.383
32.16010 121390.297
32.18010 121281.039
32.20010 120977.750
32.22010 120888.070
32.24010 120739.430
32.26010 120772.008
32.28010 120393.547
32.30010 120872.875
32.32010 120120.516
32.34010 120571.211
32.36010 120198.078
32.38010 120084.484
32.40010 120151.328
32.42010 119327.242
32.44010 119862.680
32.46010 119724.445
32.48010 119442.070
32.50010 119708.750
32.52010 119568.203
32.54010 119827.211
32.56010 119447.984
32.58010 119789.906
32.60010 119605.406
32.62010 119438.281
32.64010 119222.633
32.66010 118670.195
32.68010 119392.477
32.70010 118465.852
32.72010 118393.812
32.74010 118782.555
32.76010 118569.336
32.78010 118095.281
32.80010 118002.922
32.82010 118537.812
32.84010 117833.328
32.86010 117567.797
32.88010 117360.883
32.90010 117832.336
32.92010 117496.523
32.94010 117122.055
32.96010 116982.000
32.98010 116591.461
33.00010 116568.266
33.02010 116361.383
33.04010 115704.125
33.06010 115757.547
33.08010 115851.680
33.10010 115412.008
33.12010 115155.867
33.14010 115154.414
33.16010 114507.859
33.18010 114838.500
33.20010 114848.375
33.22010 114425.297
33.24010 114353.414
33.26010 113980.953
33.28010 113345.078
33.30010 113540.758
33.32010 113891.867
33.34010 113121.867
33.36010 113019.336
33.38010 112807.773
33.40010 112644.719
33.42010 113240.578
33.44010 112796.797
33.46010 112382.727
33.48010 112754.125
33.50010 112351.750
33.52010 112529.117
33.54010 111992.547
33.56010 111867.133
33.58010 111809.531
33.60010 111079.891
33.62010 111611.875
33.64010 110936.711
33.66010 111135.992
33.68010 110510.883
33.70010 110551.789
33.72010 111029.172
33.74010 110573.047
33.76010 110697.430
33.78010 110278.195
33.80010 110033.953
33.82010 110029.695
33.84010 109951.203
33.86010 110024.336
33.88010 109529.680
33.90010 109523.898
33.92010 109428.125
33.94010 109115.906
33.96010 109269.859
33.98010 108901.820
34.00010 108457.203
34.02010 108590.391
34.04010 108678.375
34.06010 108426.914
34.08010 108418.961
34.10010 108190.609
34.12010 108126.398
34.14010 108008.516
34.16010 108195.453
34.18010 107718.227
34.20010 107515.047
34.22010 107332.164
34.24010 107128.531
34.26010 107003.047
34.28010 107098.055
34.30010 106707.297
34.32010 107205.055
34.34010 106370.773
34.36010 106417.102
34.38010 106237.391
34.40010 105968.445
34.42010 106256.602
34.44010 105796.594
34.46010 105668.609
34.48010 105617.422
34.50010 105615.719
34.52010 105743.539
34.54010 105714.078
34.56010 105465.430
34.58010 105138.016
34.60010 104941.500
34.62010 105042.234
34.64010 104637.094
34.66010 104653.938
34.68010 104540.445
34.70010 105216.039
34.72010 104621.391
34.74010 103643.164
34.76010 104131.094
34.78010 104256.703
34.80010 103598.555
34.82010 103625.523
34.84010 103422.984
34.86010 103454.414
34.88010 102586.891
34.90010 102570.930
34.92010 102722.594
34.94010 103013.117
34.96010 102948.781
34.98010 102512.219
35.00010 102502.453
