Id: "SH-125-A" Phi: "90" Scantype: "2Theta-Theta" Anode: "Cu" Wavelength: "1.5406"
27.00010 169790.906
27.02010 168937.812
27.04010 169420.203
27.06010 168653.797
27.08010 168105.844
27.10010 168037.297
27.12010 167900.266
27.14010 167228.219
27.16010 166588.359
27.18010 166811.969
27.20010 166340.547
27.22010 165681.172
27.24010 165522.922
27.26010 164778.719
27.28010 164288.812
27.30010 163718.188
27.32010 163215.672
27.34010 162673.781
27.36010 162592.219
27.38010 162967.172
27.40010 163160.891
27.42010 161633.812
27.44010 162100.000
27.46010 162408.156
27.48010 161015.812
27.50010 160843.266
27.52010 160672.812
27.54010 160899.766
27.56010 160535.641
27.58010 159900.531
27.60010 159979.422
27.62010 160164.938
27.64010 159595.375
27.66010 159865.641
27.68010 159961.844
27.70010 159642.297
27.72010 158445.047
27.74010 158572.141
27.76010 158134.125
27.78010 157869.953
27.80010 158053.766
27.82010 158153.719
27.84010 158573.219
27.86010 157496.047
27.88010 157508.891
27.90010 157221.094
27.92010 157824.188
27.94010 157347.609
27.96010 157085.109
27.98010 156600.594
28.00010 156148.484
28.02010 156256.859
28.04010 156722.016
28.06010 156732.203
28.08010 155713.625
28.10010 156130.734
28.12010 156794.312
28.14010 156342.953
28.16010 156167.125
28.18010 155905.703
28.20010 155636.797
28.22010 155026.938
28.24010 155340.250
28.26010 154470.219
28.28010 154612.750
28.30010 154347.062
28.32010 155015.531
28.34010 154604.234
28.36010 154153.438
28.38010 154037.641
28.40010 153852.812
28.42010 154153.891
28.44010 153740.859
28.46010 153890.422
28.48010 153534.312
28.50010 154084.281
28.52010 153272.703
28.54010 153261.547
28.56010 153497.859
28.58010 152573.297
28.60010 153082.469
28.62010 152994.625
28.64010 151776.000
28.66010 152502.562
28.68010 152212.281
28.70010 151993.953
28.72010 152592.250
28.74010 151926.203
28.76010 152232.359
28.78010 151411.469
28.80010 151199.359
28.82010 151227.969
28.84010 151223.750
28.86010 150583.172
28.88010 151149.562
28.90010 150249.109
28.92010 150897.375
28.94010 150788.203
28.96010 150794.516
28.98010 150324.844
29.00010 149998.156
29.02010 150499.016
29.04010 151251.172
29.06010 150523.578
29.08010 151071.891
29.10010 151524.688
29.12010 151495.625
29.14010 151582.625
29.16010 152367.516
29.18010 153141.484
29.20010 154832.266
29.22010 157446.500
29.24010 160378.328
29.26010 164397.906
29.28010 166846.062
29.30010 169393.031
29.32010 171764.016
29.34010 173210.562
29.36010 173030.656
29.38010 171102.625
29.40010 169883.047
29.42010 166076.297
29.44010 163944.203
29.46010 160628.359
29.48010 157914.859
29.50010 155769.875
29.52010 154934.406
29.54010 152886.984
29.56010 151029.594
29.58010 150722.672
29.60010 149428.344
29.62010 148542.438
29.64010 147934.297
29.66010 147392.141
29.68010 146591.266
29.70010 146079.078
29.72010 145655.375
29.74010 145678.219
29.76010 145004.891
29.78010 144854.719
29.80010 144068.188
29.82010 144332.203
29.84010 144001.297
29.86010 143898.594
29.88010 143517.703
29.90010 142819.812
29.92010 143071.969
29.94010 142394.500
29.96010 142551.031
29.98010 141977.172
30.00010 141502.078
30.02010 141613.203
30.04010 142306.766
30.06010 141830.359
30.08010 141227.484
30.10010 141088.828
30.12010 140568.906
30.14010 140705.203
30.16010 141065.984
30.18010 140865.031
30.20010 140734.922
30.22010 140262.281
30.24010 140180.594
30.26010 139916.859
30.28010 139777.312
30.30010 139159.688
30.32010 139201.219
30.34010 139286.812
30.36010 139240.141
30.38010 138760.844
30.40010 138427.203
30.42010 138138.766
30.44010 138435.375
30.46010 137906.500
30.48010 137467.203
30.50010 137672.828
30.52010 137610.047
30.54010 137408.703
30.56010 137952.969
30.58010 136907.656
30.60010 137130.453
30.62010 137410.484
30.64010 137075.531
30.66010 136615.766
30.68010 136375.953
30.70010 136502.141
30.72010 135947.875
30.74010 135726.000
30.76010 135966.469
30.78010 135673.844
30.80010 135483.547
30.82010 135255.844
30.84010 135430.656
30.86010 135098.578
30.88010 135196.328
30.90010 135296.016
30.92010 134199.609
30.94010 134531.938
30.96010 134308.547
30.98010 134129.469
31.00010 133768.641
31.02010 133791.156
31.04010 133235.906
31.06010 132990.516
31.08010 133089.172
31.10010 132953.016
31.12010 132918.203
31.14010 133225.109
31.16010 132469.641
31.18010 132260.469
31.20010 132723.391
31.22010 132290.453
31.24010 132066.438
31.26010 132259.828
31.28010 132215.109
31.30010 131903.938
31.32010 132060.094
31.34010 131465.422
31.36010 131607.656
31.38010 131644.031
31.40010 131329.906
31.42010 130622.055
31.44010 130891.625
31.46010 131580.703
31.48010 130593.641
31.50010 130423.875
31.52010 130040.422
31.54010 129786.148
31.56010 129840.984
31.58010 130119.242
31.60010 130266.734
31.62010 129562.633
31.64010 128760.891
31.66010 128719.477
31.68010 128216.867
31.70010 128462.367
31.72010 128953.812
31.74010 128790.938
31.76010 128267.133
31.78010 127591.320
31.80010 128101.758
31.82010 127716.359
31.84010 127390.555
31.86010 127051.602
31.88010 127360.086
31.90010 127307.008
31.92010 127048.945
31.94010 127246.203
31.96010 127016.055
31.98010 126846.883
32.00010 125881.312
32.02010 126771.312
32.04010 125975.086
32.06010 126297.570
32.08010 126440.320
32.10010 125916.617
32.12010 125429.562
32.14010 125452.859
32.16010 125472.641
32.18010 125183.992
32.20010 124974.734
32.22010 124989.531
32.24010 124964.312
32.26010 125445.375
32.28010 125132.906
32.30010 125168.711
32.32010 124618.805
32.34010 124385.695
32.36010 125237.469
32.38010 125395.531
32.40010 124092.734
32.42010 125097.930
32.44010 125182.844
32.46010 124217.766
32.48010 124362.188
32.50010 124256.250
32.52010 124490.383
32.54010 124517.609
32.56010 124531.648
32.58010 124884.602
32.60010 124872.023
32.62010 124947.258
32.64010 124904.836
32.66010 124774.477
32.68010 124604.648
32.70010 124465.891
32.72010 124820.695
32.74010 125893.555
32.76010 124957.391
32.78010 124782.539
32.80010 125032.633
32.82010 124264.211
32.84010 124272.266
32.86010 123974.906
32.88010 123528.156
32.90010 122716.266
32.92010 122872.594
32.94010 122568.516
32.96010 121929.156
32.98010 122219.516
33.00010 121747.055
33.02010 120993.469
33.04010 120639.930
33.06010 120633.906
33.08010 120127.984
33.10010 120065.719
33.12010 119631.930
33.14010 119161.945
33.16010 119185.023
33.18010 118898.766
33.20010 118791.352
33.22010 118680.594
33.24010 118437.820
33.26010 117831.945
33.28010 117725.273
33.30010 117385.672
33.32010 117215.008
33.34010 117386.281
33.36010 117248.672
33.38010 117121.625
33.40010 116889.430
33.42010 116822.797
33.44010 117176.805
33.46010 115994.836
33.48010 116397.656
33.50010 115689.898
33.52010 115492.492
33.54010 116293.555
33.56010 115506.164
33.58010 115352.117
33.60010 115572.406
33.62010 115258.859
33.64010 115113.086
33.66010 114830.000
33.68010 114785.055
33.70010 113965.758
33.72010 113974.930
33.74010 114053.383
33.76010 113766.141
33.78010 113744.648
33.80010 113926.938
33.82010 113266.062
33.84010 113259.586
33.86010 113481.312
33.88010 113226.070
33.90010 113239.148
33.92010 113548.586
33.94010 112682.055
33.96010 112330.141
33.98010 112724.648
34.00010 112705.023
34.02010 112213.562
34.04010 111871.766
34.06010 111823.516
34.08010 111498.984
34.10010 111809.008
34.12010 112284.953
34.14010 112049.398
34.16010 111473.039
34.18010 111414.984
34.20010 111311.109
34.22010 111146.078
34.24010 110651.820
34.26010 110331.625
34.28010 110645.375
34.30010 110607.570
34.32010 109977.617
34.34010 109367.164
34.36010 109977.391
34.38010 109779.484
34.40010 109967.844
34.42010 109633.359
34.44010 109152.812
34.46010 108804.125
34.48010 109179.680
34.50010 108176.742
34.52010 108476.570
34.54010 108961.344
34.56010 108530.055
34.58010 109046.977
34.60010 107828.109
34.62010 108054.992
34.64010 107854.164
34.66010 107960.766
34.68010 108158.844
34.70010 107702.930
34.72010 107668.727
34.74010 107044.805
34.76010 106947.289
34.78010 107422.562
34.80010 106912.734
34.82010 106587.242
34.84010 106974.555
34.86010 106771.594
34.88010 106617.938
34.90010 106582.969
34.92010 106573.055
34.94010 105779.469
34.96010 106039.031
34.98010 105384.820
35.00010 106069.641
