Id: "SH-125-A" Phi: "30" Scantype: "2Theta-Theta" Anode: "Cu" Wavelength: "1.5406"
27.00010 181158.062
27.02010 182243.172
27.04010 182316.812
27.06010 181385.859
27.08010 181696.766
27.10010 181712.859
27.12010 181057.812
27.14010 180829.906
27.16010 180649.047
27.18010 180881.312
27.20010 180165.922
27.22010 179611.078
27.24010 178630.000
27.26010 178349.375
27.28010 177563.156
27.30010 177270.750
27.32010 176522.938
27.34010 175974.016
27.36010 175246.219
27.38010 174424.281
27.40010 173987.062
27.42010 174650.266
27.44010 173558.172
27.46010 173555.984
27.48010 172942.016
27.50010 172320.750
27.52010 172247.766
27.54010 171854.484
27.56010 171081.875
27.58010 170924.969
27.60010 171543.234
27.62010 171163.562
27.64010 170723.453
27.66010 170437.922
27.68010 170195.250
27.70010 170350.875
27.72010 170015.188
27.74010 169662.406
27.76010 168616.375
27.78010 168856.547
27.80010 169110.078
27.82010 169093.172
27.84010 168447.938
27.86010 168766.438
27.88010 168788.000
27.90010 168685.031
27.92010 168168.984
27.94010 167543.641
27.96010 167141.906
27.98010 167872.047
28.00010 167521.562
28.02010 166557.750
28.04010 166873.484
28.06010 167181.406
28.08010 166303.547
28.10010 166231.453
28.12010 166225.125
28.14010 165815.531
28.16010 166762.922
28.18010 166059.609
28.20010 164767.328
28.22010 165555.281
28.24010 165175.219
28.26010 165440.688
28.28010 165083.906
28.30010 165066.375
28.32010 164669.156
28.34010 164099.859
28.36010 164193.844
28.38010 164397.891
28.40010 164194.766
28.42010 164109.250
28.44010 164162.219
28.46010 163962.359
28.48010 163765.469
28.50010 163552.578
28.52010 163137.578
28.54010 163061.594
28.56010 163251.703
28.58010 163307.984
28.60010 163115.125
28.62010 163292.156
28.64010 162956.469
28.66010 162376.438
28.68010 162604.766
28.70010 161804.688
28.72010 162205.641
28.74010 162464.047
28.76010 162140.172
28.78010 162146.078
28.80010 161894.219
28.82010 161322.406
28.84010 161216.547
28.86010 161069.219
28.88010 161051.641
28.90010 161238.688
28.92010 160412.562
28.94010 161719.750
28.96010 161002.016
28.98010 160705.047
29.00010 159944.156
29.02010 160298.125
29.04010 160886.188
29.06010 160990.812
29.08010 160747.547
29.10010 161138.031
29.12010 161543.656
29.14010 161604.578
29.16010 161350.266
29.18010 162524.297
29.20010 162674.859
29.22010 163809.953
29.24010 164499.062
29.26010 166084.312
29.28010 167414.984
29.30010 168741.844
29.32010 169407.953
29.34010 170254.969
29.36010 170670.953
29.38010 170142.781
29.40010 170277.859
29.42010 168740.375
29.44010 167739.578
29.46010 166883.250
29.48010 165033.750
29.50010 164752.703
29.52010 163548.859
29.54010 162543.531
29.56010 161368.875
29.58010 161266.094
29.60010 160775.141
29.62010 158851.750
29.64010 158443.750
29.66010 157673.047
29.68010 157003.562
29.70010 156027.609
29.72010 155778.344
29.74010 155848.953
29.76010 155323.594
29.78010 154038.000
29.80010 154603.203
29.82010 153804.094
29.84010 153748.641
29.86010 153706.562
29.88010 153417.219
29.90010 152807.531
29.92010 152795.531
29.94010 152410.766
29.96010 151572.422
29.98010 151677.203
30.00010 151868.688
30.02010 151464.516
30.04010 151313.672
30.06010 151281.297
30.08010 150733.859
30.10010 150291.984
30.12010 150466.422
30.14010 149759.984
30.16010 150216.016
30.18010 150725.844
30.20010 149796.250
30.22010 150026.125
30.24010 148957.031
30.26010 149373.422
30.28010 148294.250
30.30010 149048.922
30.32010 147966.281
30.34010 148457.062
30.36010 148676.078
30.38010 148617.328
30.40010 147754.781
30.42010 148090.938
30.44010 147701.328
30.46010 147532.578
30.48010 147490.594
30.50010 147596.812
30.52010 146723.594
30.54010 146365.172
30.56010 145939.703
30.58010 146166.141
30.60010 146301.312
30.62010 145681.219
30.64010 145629.344
30.66010 146132.812
30.68010 145667.859
30.70010 145285.375
30.72010 145436.516
30.74010 145174.953
30.76010 144705.891
30.78010 144519.547
30.80010 144472.812
30.82010 144159.984
30.84010 144010.344
30.86010 143055.125
30.88010 143842.891
30.90010 143832.047
30.92010 143494.406
30.94010 143265.484
30.96010 144093.797
30.98010 143075.172
31.00010 143451.641
31.02010 143163.500
31.04010 142696.719
31.06010 142273.250
31.08010 142213.609
31.10010 141998.828
31.12010 141829.938
31.14010 142177.391
31.16010 141507.062
31.18010 141433.812
31.20010 141428.000
31.22010 141528.297
31.24010 141789.062
31.26010 140905.109
31.28010 140711.734
31.30010 140433.141
31.32010 140098.656
31.34010 140194.391
31.36010 140266.797
31.38010 140124.812
31.40010 140194.250
31.42010 140335.156
31.44010 139970.766
31.46010 139663.438
31.48010 139154.609
31.50010 139145.281
31.52010 139072.688
31.54010 138871.719
31.56010 138688.562
31.58010 138519.250
31.60010 137878.078
31.62010 137939.859
31.64010 137384.875
31.66010 137463.406
31.68010 137988.156
31.70010 137898.656
31.72010 137489.016
31.74010 136848.812
31.76010 137170.016
31.78010 137161.703
31.80010 136462.844
31.82010 136845.312
31.84010 136211.406
31.86010 136094.031
31.88010 135963.406
31.90010 135220.156
31.92010 135024.906
31.94010 135235.344
31.96010 135442.094
31.98010 136353.938
32.00010 135482.047
32.02010 135206.344
32.04010 133924.781
32.06010 134677.578
32.08010 134682.609
32.10010 134392.812
32.12010 134880.766
32.14010 134126.719
32.16010 134169.172
32.18010 133743.953
32.20010 134151.516
32.22010 133700.547
32.24010 133619.094
32.26010 133633.281
32.28010 133146.062
32.30010 133674.562
32.32010 132808.438
32.34010 132434.609
32.36010 133672.797
32.38010 133556.188
32.40010 133282.672
32.42010 132508.375
32.44010 133000.922
32.46010 132519.422
32.48010 132455.188
32.50010 132444.156
32.52010 133336.938
32.54010 132923.453
32.56010 132789.359
32.58010 132675.875
32.60010 133556.828
32.62010 133239.062
32.64010 132666.297
32.66010 133170.562
32.68010 133373.562
32.70010 133466.109
32.72010 133961.109
32.74010 133969.766
32.76010 134740.312
32.78010 134390.078
32.80010 134092.031
32.82010 134785.000
32.84010 134708.797
32.86010 133397.641
32.88010 133617.406
32.90010 133079.453
32.92010 133280.875
32.94010 132003.422
32.96010 131750.484
32.98010 132306.531
33.00010 131653.062
33.02010 131280.500
33.04010 130637.086
33.06010 129830.047
33.08010 130092.836
33.10010 128916.672
33.12010 128805.148
33.14010 128182.883
33.16010 128631.359
33.18010 128065.273
33.20010 127216.234
33.22010 126575.086
33.24010 126879.438
33.26010 126114.594
33.28010 125954.625
33.30010 125863.906
33.32010 125520.891
33.34010 125142.797
33.36010 125013.031
33.38010 125511.398
33.40010 124388.359
33.42010 125176.469
33.44010 124446.719
33.46010 124353.750
33.48010 123962.594
33.50010 123830.438
33.52010 123730.977
33.54010 123490.367
33.56010 123786.961
33.58010 123037.484
33.60010 123599.984
33.62010 122794.211
33.64010 122516.953
33.66010 122700.250
33.68010 122756.938
33.70010 122314.500
33.72010 122655.398
33.74010 121925.734
33.76010 121841.438
33.78010 121650.336
33.80010 121068.211
33.82010 120889.281
33.84010 120914.656
33.86010 121758.391
33.88010 120540.367
33.90010 120776.508
33.92010 120622.008
33.94010 120119.250
33.96010 119876.031
33.98010 119696.164
34.00010 119528.266
34.02010 119447.148
34.04010 119181.570
34.06010 119292.570
34.08010 119070.219
34.10010 118797.789
34.12010 119015.648
34.14010 118653.836
34.16010 118156.078
34.18010 118525.867
34.20010 118491.492
34.22010 118111.141
34.24010 118057.852
34.26010 118054.305
34.28010 117693.258
34.30010 117139.141
34.32010 117795.555
34.34010 117441.500
34.36010 117106.312
34.38010 117706.320
34.40010 117036.195
34.42010 116854.094
34.44010 116410.891
34.46010 116544.562
34.48010 116735.969
34.50010 116360.578
34.52010 115775.000
34.54010 115833.195
34.56010 115979.141
34.58010 115700.180
34.60010 115323.602
34.62010 115445.016
34.64010 115192.758
34.66010 115005.867
34.68010 115361.891
34.70010 114207.234
34.72010 114572.414
34.74010 114365.891
34.76010 114929.367
34.78010 113848.125
34.80010 113890.727
34.82010 113495.586
34.84010 114071.742
34.86010 113830.797
34.88010 113155.812
34.90010 112976.273
34.92010 112493.562
34.94010 112574.555
34.96010 112708.648
34.98010 113178.805
35.00010 112737.500
