Id: "SH-125-A" Phi: "60" Scantype: "2Theta-Theta" Anode: "Cu" Wavelength: "1.5406"
27.00010 173665.969
27.02010 174387.078
27.04010 174866.094
27.06010 173921.188
27.08010 174149.656
27.10010 173213.000
27.12010 173580.234
27.14010 173485.266
27.16010 172617.609
27.18010 172060.797
27.20010 171295.922
27.22010 170671.766
27.24010 170206.297
27.26010 169929.391
27.28010 169009.766
27.30010 169268.969
27.32010 168840.484
27.34010 168252.188
27.36010 168570.844
27.38010 168005.109
27.40010 167347.531
27.42010 167027.156
27.44010 166605.578
27.46010 166284.078
27.48010 165853.734
27.50010 166559.906
27.52010 166236.078
27.54010 165498.891
27.56010 165914.812
27.58010 165438.391
27.60010 165305.359
27.62010 165054.312
27.64010 165020.797
27.66010 164636.031
27.68010 165088.359
27.70010 164524.531
27.72010 163766.562
27.74010 163599.562
27.76010 163549.656
27.78010 163958.156
27.80010 162771.484
27.82010 162807.672
27.84010 162181.484
27.86010 162251.391
27.88010 162462.734
27.90010 162572.266
27.92010 162001.781
27.94010 161937.781
27.96010 161428.344
27.98010 161810.547
28.00010 161489.656
28.02010 161258.797
28.04010 160963.094
28.06010 161649.047
28.08010 161073.906
28.10010 160667.312
28.12010 160110.469
28.14010 161008.234
28.16010 161182.891
28.18010 160253.547
28.20010 159842.734
28.22010 160459.859
28.24010 160115.609
28.26010 159274.734
28.28010 159272.141
28.30010 160409.453
28.32010 159485.797
28.34010 159332.875
28.36010 159016.219
28.38010 158429.781
28.40010 158956.906
28.42010 157964.016
28.44010 158378.953
28.46010 158603.250
28.48010 158204.656
28.50010 158012.016
28.52010 158039.688
28.54010 157769.797
28.56010 157363.141
28.58010 157387.641
28.60010 157439.719
28.62010 157493.641
28.64010 157798.250
28.66010 157215.938
28.68010 156588.578
28.70010 156995.875
28.72010 156692.609
28.74010 156547.031
28.76010 156560.953
28.78010 155798.797
28.80010 156239.234
28.82010 156036.094
28.84010 155558.375
28.86010 155795.234
28.88010 155387.828
28.90010 155401.469
28.92010 154897.922
28.94010 154746.578
28.96010 154742.312
28.98010 155421.031
29.00010 155348.594
29.02010 155064.844
29.04010 155672.656
29.06010 155494.484
29.08010 154750.844
29.10010 155451.438
29.12010 155607.578
29.14010 155358.219
29.16010 156279.641
29.18010 156773.062
29.20010 157982.797
29.22010 159682.766
29.24010 161850.375
29.26010 163474.297
29.28010 164907.906
29.30010 166974.219
29.32010 167694.188
29.34010 169314.906
29.36010 169289.672
29.38010 168941.312
29.40010 167774.688
29.42010 166576.609
29.44010 164176.422
29.46010 162488.047
29.48010 160942.609
29.50010 158696.219
29.52010 158480.734
29.54010 156886.484
29.56010 155949.531
29.58010 154590.109
29.60010 153693.000
29.62010 153154.172
29.64010 152054.031
29.66010 151719.547
29.68010 151198.047
29.70010 150775.766
29.72010 150456.938
29.74010 149892.031
29.76010 149758.625
29.78010 149577.656
29.80010 148959.891
29.82010 147844.031
29.84010 147927.453
29.86010 148475.562
29.88010 148256.188
29.90010 147601.312
29.92010 146876.281
29.94010 146857.219
29.96010 147114.359
29.98010 146669.531
30.00010 146812.797
30.02010 146092.172
30.04010 145821.438
30.06010 145331.766
30.08010 145606.406
30.10010 145977.312
30.12010 144809.188
30.14010 145261.797
30.16010 145157.656
30.18010 145481.516
30.20010 144121.125
30.22010 144498.641
30.24010 144591.734
30.26010 143898.094
30.28010 143530.422
30.30010 143773.938
30.32010 143188.922
30.34010 142910.359
30.36010 143488.844
30.38010 143089.703
30.40010 143147.531
30.42010 142636.016
30.44010 142426.766
30.46010 141685.500
30.48010 142244.375
30.50010 142045.516
30.52010 141549.812
30.54010 141721.750
30.56010 141602.781
30.58010 141583.500
30.60010 141184.141
30.62010 140492.578
30.64010 140634.641
30.66010 140763.125
30.68010 140303.953
30.70010 140068.016
30.72010 140638.438
30.74010 139618.062
30.76010 139924.406
30.78010 139947.359
30.80010 139831.125
30.82010 139352.266
30.84010 138945.641
30.86010 138874.484
30.88010 138894.109
30.90010 139239.438
30.92010 138766.547
30.94010 138509.547
30.96010 138330.438
30.98010 138617.359
31.00010 138178.812
31.02010 138418.703
31.04010 137541.203
31.06010 137854.984
31.08010 137396.500
31.10010 137001.734
31.12010 136956.219
31.14010 136488.359
31.16010 136660.609
31.18010 136130.797
31.20010 136624.797
31.22010 136995.125
31.24010 136170.516
31.26010 136129.094
31.28010 136479.141
31.30010 135734.422
31.32010 135913.703
31.34010 135766.094
31.36010 135918.047
31.38010 135443.062
31.40010 135501.719
31.42010 134759.484
31.44010 134631.109
31.46010 134546.781
31.48010 134137.547
31.50010 134591.984
31.52010 134536.406
31.54010 133823.859
31.56010 133914.188
31.58010 133461.328
31.60010 133699.203
31.62010 133523.422
31.64010 133101.344
31.66010 132681.297
31.68010 132336.422
31.70010 132942.344
31.72010 132380.391
31.74010 132780.828
31.76010 132441.156
31.78010 131864.453
31.80010 131610.422
31.82010 131587.641
31.84010 132020.188
31.86010 131612.734
31.88010 131183.156
31.90010 130576.328
31.92010 130862.008
31.94010 131066.789
31.96010 130635.367
31.98010 130171.914
32.00010 130063.125
32.02010 129769.383
32.04010 129688.523
32.06010 130056.594
32.08010 129850.070
32.10010 129818.641
32.12010 129374.984
32.14010 129766.867
32.16010 129576.625
32.18010 128880.055
32.20010 129138.406
32.22010 128920.812
32.24010 128724.750
32.26010 128347.234
32.28010 128723.188
32.30010 128817.516
32.32010 128108.438
32.34010 127516.539
32.36010 128644.578
32.38010 128341.258
32.40010 127885.695
32.42010 128198.719
32.44010 128266.938
32.46010 127720.211
32.48010 128021.680
32.50010 127341.797
32.52010 127967.445
32.54010 128182.867
32.56010 127982.922
32.58010 128044.406
32.60010 128633.922
32.62010 128421.891
32.64010 128595.711
32.66010 128166.273
32.68010 127952.133
32.70010 128363.633
32.72010 128382.594
32.74010 128287.250
32.76010 128138.773
32.78010 128509.672
32.80010 127560.547
32.82010 127549.688
32.84010 127575.289
32.86010 127729.125
32.88010 127641.836
32.90010 126599.344
32.92010 126746.188
32.94010 126304.000
32.96010 125607.117
32.98010 124830.328
33.00010 125030.219
33.02010 124586.234
33.04010 124835.641
33.06010 124196.367
33.08010 123835.492
33.10010 123570.422
33.12010 123111.289
33.14010 122978.633
33.16010 122555.797
33.18010 122862.164
33.20010 122452.805
33.22010 122042.523
33.24010 121472.945
33.26010 121745.656
33.28010 121032.922
33.30010 120828.906
33.32010 121235.656
33.34010 121056.109
33.36010 120402.609
33.38010 120331.391
33.40010 120789.977
33.42010 120397.258
33.44010 120124.398
33.46010 120308.656
33.48010 119898.641
33.50010 119507.703
33.52010 119508.727
33.54010 118955.383
33.56010 119283.180
33.58010 119081.281
33.60010 118316.531
33.62010 118528.672
33.64010 118304.914
33.66010 118018.734
33.68010 118198.117
33.70010 117943.156
33.72010 117443.000
33.74010 117613.172
33.76010 116998.477
33.78010 117449.234
33.80010 116520.938
33.82010 116409.438
33.84010 116541.945
33.86010 117084.023
33.88010 117064.484
33.90010 116336.031
33.92010 116347.492
33.94010 116357.453
33.96010 116179.039
33.98010 115729.305
34.00010 115399.398
34.02010 116073.680
34.04010 115575.492
34.06010 115201.844
34.08010 115201.602
34.10010 114349.680
34.12010 114281.891
34.14010 114773.438
34.16010 114420.844
34.18010 114485.008
34.20010 114277.492
34.22010 114171.609
34.24010 114337.680
34.26010 113368.305
34.28010 113940.430
34.30010 113829.914
34.32010 113674.438
34.34010 113106.852
34.36010 113535.078
34.38010 113015.477
34.40010 113301.422
34.42010 112414.367
34.44010 112283.016
34.46010 112438.391
34.48010 112134.961
34.50010 112065.625
34.52010 112166.961
34.54010 112176.086
34.56010 111999.633
34.58010 111498.500
34.60010 111496.430
34.62010 111521.336
34.64010 111783.789
34.66010 111694.125
34.68010 111018.516
34.70010 110835.773
34.72010 110867.711
34.74010 111020.484
34.76010 110307.141
34.78010 110638.789
34.80010 110484.000
34.82010 110396.125
34.84010 110367.336
34.86010 110328.664
34.88010 110077.000
34.90010 109615.164
34.92010 109018.312
34.94010 109027.539
34.96010 109424.812
34.98010 109629.430
35.00010 108829.375
