Id: "SH-125-A" Phi: "120" Scantype: "2Theta-Theta" Anode: "Cu" Wavelength: "1.5406"
27.00010 171755.656
27.02010 171470.406
27.04010 171478.656
27.06010 171284.234
27.08010 171634.094
27.10010 170362.734
27.12010 170098.703
27.14010 169364.641
27.16010 168321.219
27.18010 167057.453
27.20010 166800.391
27.22010 167132.375
27.24010 165744.359
27.26010 165005.562
27.28010 164522.312
27.30010 163917.906
27.32010 163557.297
27.34010 162905.297
27.36010 162567.500
27.38010 161669.094
27.40010 162224.516
27.42010 161699.922
27.44010 161124.172
27.46010 160898.359
27.48010 160791.562
27.50010 160401.734
27.52010 160272.609
27.54010 159969.562
27.56010 159992.969
27.58010 159280.984
27.60010 159230.453
27.62010 158836.391
27.64010 158763.141
27.66010 158879.031
27.68010 158529.688
27.70010 158469.250
27.72010 158504.703
27.74010 158640.188
27.76010 158390.719
27.78010 157416.141
27.80010 157623.391
27.82010 157307.828
27.84010 157371.141
27.86010 157632.953
27.88010 156403.109
27.90010 156994.031
27.92010 156393.266
27.94010 155927.562
27.96010 156138.859
27.98010 156347.609
28.00010 156720.031
28.02010 155776.625
28.04010 155745.875
28.06010 155830.969
28.08010 155383.031
28.10010 154913.359
28.12010 155261.828
28.14010 155288.797
28.16010 154857.031
28.18010 154326.984
28.20010 154751.562
28.22010 154758.875
28.24010 153741.641
28.26010 154000.828
28.28010 153645.406
28.30010 153591.109
28.32010 153064.172
28.34010 152976.000
28.36010 152784.531
28.38010 153726.719
28.40010 153307.734
28.42010 153487.344
28.44010 152911.734
28.46010 152766.969
28.48010 152223.812
28.50010 152532.516
28.52010 152151.188
28.54010 151877.312
28.56010 152632.734
28.58010 151983.672
28.60010 151736.359
28.62010 151569.984
28.64010 151477.516
28.66010 151175.109
28.68010 151662.594
28.70010 151117.703
28.72010 150840.312
28.74010 151107.469
28.76010 150409.031
28.78010 151178.875
28.80010 150601.359
28.82010 150269.438
28.84010 150705.391
28.86010 149762.281
28.88010 150077.438
28.90010 149029.984
28.92010 150006.453
28.94010 149673.703
28.96010 149408.781
28.98010 148979.078
29.00010 148840.062
29.02010 148734.922
29.04010 148962.938
29.06010 148402.562
29.08010 149239.047
29.10010 149381.656
29.12010 149122.000
29.14010 149263.625
29.16010 149348.703
29.18010 150583.609
29.20010 150619.312
29.22010 150596.516
29.24010 151114.672
29.26010 151948.219
29.28010 151087.797
29.30010 151613.406
29.32010 152201.656
29.34010 152449.672
29.36010 152736.250
29.38010 153154.891
29.40010 153546.438
29.42010 153727.625
29.44010 153147.812
29.46010 152347.578
29.48010 152384.375
29.50010 151714.125
29.52010 151573.938
29.54010 150710.188
29.56010 149651.125
29.58010 149452.047
29.60010 148433.797
29.62010 147633.828
29.64010 147268.797
29.66010 146053.781
29.68010 145494.422
29.70010 145171.766
29.72010 144706.797
29.74010 144399.562
29.76010 144184.688
29.78010 143523.812
29.80010 143429.000
29.82010 143440.453
29.84010 143540.797
29.86010 143249.719
29.88010 142676.438
29.90010 142542.953
29.92010 141790.156
29.94010 142484.234
29.96010 141703.750
29.98010 141962.219
30.00010 141170.719
30.02010 141343.422
30.04010 141414.906
30.06010 141306.688
30.08010 140821.609
30.10010 140241.219
30.12010 140728.516
30.14010 139955.031
30.16010 139867.531
30.18010 140421.203
30.20010 139658.406
30.22010 139739.734
30.24010 139834.438
30.26010 139038.656
30.28010 138867.312
30.30010 138854.656
30.32010 138936.297
30.34010 138343.297
30.36010 138246.531
30.38010 138673.547
30.40010 137206.859
30.42010 137127.750
30.44010 137266.078
30.46010 137702.156
30.48010 137321.391
30.50010 137461.422
30.52010 137713.875
30.54010 136415.047
30.56010 136539.984
30.58010 136202.531
30.60010 136207.594
30.62010 135785.031
30.64010 135356.656
30.66010 135612.312
30.68010 135797.766
30.70010 136122.875
30.72010 135745.484
30.74010 135268.656
30.76010 135142.672
30.78010 135268.188
30.80010 135074.188
30.82010 134561.203
30.84010 135118.453
30.86010 134172.172
30.88010 134296.453
30.90010 134034.094
30.92010 134020.719
30.94010 134313.344
30.96010 134121.781
30.98010 133809.016
31.00010 134053.625
31.02010 132853.359
31.04010 132629.969
31.06010 133394.188
31.08010 132913.469
31.10010 132609.453
31.12010 132247.609
31.14010 132273.688
31.16010 132430.469
31.18010 132067.203
31.20010 132585.797
31.22010 131664.156
31.24010 131481.188
31.26010 131608.078
31.28010 131793.781
31.30010 131795.281
31.32010 131111.000
31.34010 130831.133
31.36010 131252.406
31.38010 131120.500
31.40010 131329.438
31.42010 130602.664
31.44010 130638.953
31.46010 130904.180
31.48010 129980.242
31.50010 130198.688
31.52010 130054.414
31.54010 130300.172
31.56010 129948.852
31.58010 129688.734
31.60010 129346.422
31.62010 129429.195
31.64010 129089.789
31.66010 128612.578
31.68010 128910.828
31.70010 128343.914
31.72010 128163.281
31.74010 128009.594
31.76010 128249.320
31.78010 128149.609
31.80010 127895.375
31.82010 127850.102
31.84010 127901.578
31.86010 127459.789
31.88010 127081.977
31.90010 127021.555
31.92010 127531.664
31.94010 127089.336
31.96010 126725.469
31.98010 126388.242
32.00010 126523.719
32.02010 126573.430
32.04010 126411.641
32.06010 126469.391
32.08010 126091.844
32.10010 126280.719
32.12010 125778.867
32.14010 126156.430
32.16010 125869.969
32.18010 125467.930
32.20010 125171.898
32.22010 125487.547
32.24010 126064.297
32.26010 124812.812
32.28010 124846.555
32.30010 125457.727
32.32010 125555.219
32.34010 125617.195
32.36010 125632.055
32.38010 125124.484
32.40010 125724.125
32.42010 125304.820
32.44010 125449.422
32.46010 125080.578
32.48010 126064.297
32.50010 125860.930
32.52010 125912.555
32.54010 126007.117
32.56010 125950.414
32.58010 126388.391
32.60010 126576.320
32.62010 126750.945
32.64010 126937.047
32.66010 127271.414
32.68010 127729.656
32.70010 127588.688
32.72010 127343.852
32.74010 127192.852
32.76010 127362.250
32.78010 127350.953
32.80010 126891.828
32.82010 126670.836
32.84010 126248.320
32.86010 125325.539
32.88010 124996.766
32.90010 124887.500
32.92010 124292.570
32.94010 123930.109
32.96010 123039.711
32.98010 122915.359
33.00010 122626.492
33.02010 122687.086
33.04010 121525.828
33.06010 121340.922
33.08010 121024.016
33.10010 120991.086
33.12010 119673.992
33.14010 119908.398
33.16010 119403.688
33.18010 119250.523
33.20010 118829.562
33.22010 118850.266
33.24010 119076.070
33.26010 118626.805
33.28010 118255.648
33.30010 118055.922
33.32010 117551.359
33.34010 117802.984
33.36010 117624.305
33.38010 117350.789
33.40010 117077.594
33.42010 116902.836
33.44010 116529.156
33.46010 116502.547
33.48010 116521.922
33.50010 116156.594
33.52010 115875.703
33.54010 115697.812
33.56010 115656.086
33.58010 115542.250
33.60010 115116.984
33.62010 115317.172
33.64010 115201.148
33.66010 114734.445
33.68010 114099.664
33.70010 114749.641
33.72010 114626.188
33.74010 114262.477
33.76010 114564.844
33.78010 113798.055
33.80010 114216.977
33.82010 114003.531
33.84010 113610.078
33.86010 113193.641
33.88010 113952.008
33.90010 113163.594
33.92010 113155.086
33.94010 113189.820
33.96010 113012.289
33.98010 113260.508
34.00010 112292.273
34.02010 112600.750
34.04010 112352.648
34.06010 112470.398
34.08010 111635.023
34.10010 112240.625
34.12010 112311.898
34.14010 111868.875
34.16010 111652.719
34.18010 111355.352
34.20010 110666.984
34.22010 110907.336
34.24010 110730.508
34.26010 110750.328
34.28010 111141.328
34.30010 110636.461
34.32010 110763.328
34.34010 110094.930
34.36010 110278.797
34.38010 110867.609
34.40010 110017.617
34.42010 110334.336
34.44010 109599.148
34.46010 109823.453
34.48010 109514.414
34.50010 109542.000
34.52010 109678.938
34.54010 109040.398
34.56010 108224.266
34.58010 109168.625
34.60010 109055.727
34.62010 108212.578
34.64010 108870.625
34.66010 108784.016
34.68010 108107.047
34.70010 108666.367
34.72010 107995.742
34.74010 108324.352
34.76010 107379.641
34.78010 107646.289
34.80010 107866.727
34.82010 107130.180
34.84010 107507.844
34.86010 107383.359
34.88010 107169.469
34.90010 107135.906
34.92010 106825.609
34.94010 106646.109
34.96010 106579.336
34.98010 106458.031
35.00010 106465.266
