Id: "SH-125-A" Phi: "150" Scantype: "2Theta-Theta" Anode: "Cu" Wavelength: "1.5406"
27.00010 179101.078
27.02010 179431.766
27.04010 179824.672
27.06010 179997.750
27.08010 179324.891
27.10010 178821.281
27.12010 177791.000
27.14010 177837.562
27.16010 177452.359
27.18010 176725.703
27.20010 175678.406
27.22010 174779.562
27.24010 173964.578
27.26010 173201.391
27.28010 172553.203
27.30010 171975.375
27.32010 171919.562
27.34010 171442.344
27.36010 171171.141
27.38010 170530.094
27.40010 169885.172
27.42010 169747.281
27.44010 169659.891
27.46010 169807.922
27.48010 168625.328
27.50010 168537.203
27.52010 168729.766
27.54010 167871.359
27.56010 167891.094
27.58010 167542.828
27.60010 166863.297
27.62010 166370.891
27.64010 166814.547
27.66010 166517.953
27.68010 166300.672
27.70010 166016.328
27.72010 166978.297
27.74010 165438.250
27.76010 165413.172
27.78010 165235.500
27.80010 164962.125
27.82010 164506.812
27.84010 164666.969
27.86010 164587.094
27.88010 164368.391
27.90010 164300.281
27.92010 163954.438
27.94010 164411.391
27.96010 163948.688
27.98010 163651.438
28.00010 163287.578
28.02010 163506.844
28.04010 163542.375
28.06010 162815.375
28.08010 162696.578
28.10010 162573.719
28.12010 162950.938
28.14010 162172.328
28.16010 162191.094
28.18010 162314.938
28.20010 161880.297
28.22010 162035.953
28.24010 161656.969
28.26010 161365.844
28.28010 161794.047
28.30010 160620.344
28.32010 160846.766
28.34010 160964.500
28.36010 161389.250
28.38010 160652.750
28.40010 160930.594
28.42010 160569.422
28.44010 160595.812
28.46010 160708.219
28.48010 159959.766
28.50010 160311.500
28.52010 159844.859
28.54010 159698.078
28.56010 159720.797
28.58010 159642.656
28.60010 159020.969
28.62010 158840.078
28.64010 159046.438
28.66010 158965.203
28.68010 158270.531
28.70010 158729.984
28.72010 158833.375
28.74010 158428.922
28.76010 158531.562
28.78010 158104.797
28.80010 157618.109
28.82010 158462.422
28.84010 158080.297
28.86010 157272.641
28.88010 157672.188
28.90010 157859.234
28.92010 156985.297
28.94010 157096.250
28.96010 157537.141
28.98010 157310.531
29.00010 156918.000
29.02010 156810.000
29.04010 156971.562
29.06010 157212.547
29.08010 156317.203
29.10010 157194.797
29.12010 157131.031
29.14010 157208.484
29.16010 157595.875
29.18010 157317.828
29.20010 157603.609
29.22010 158474.906
29.24010 159049.391
29.26010 159141.047
29.28010 159405.734
29.30010 160325.953
29.32010 160373.734
29.34010 160759.344
29.36010 161278.109
29.38010 161688.797
29.40010 162079.594
29.42010 161843.984
29.44010 161616.672
29.46010 161284.281
29.48010 160857.172
29.50010 160156.297
29.52010 159834.219
29.54010 159389.641
29.56010 158557.234
29.58010 157393.531
29.60010 156982.016
29.62010 156431.578
29.64010 154973.359
29.66010 154766.312
29.68010 153692.234
29.70010 153182.266
29.72010 152478.203
29.74010 152469.203
29.76010 152099.734
29.78010 151088.297
29.80010 151006.547
29.82010 151134.984
29.84010 150993.000
29.86010 150591.406
29.88010 149798.922
29.90010 149486.922
29.92010 149811.938
29.94010 149470.141
29.96010 149222.078
29.98010 149791.859
30.00010 149489.734
30.02010 148787.250
30.04010 148717.359
30.06010 148099.812
30.08010 148259.031
30.10010 147332.047
30.12010 148224.109
30.14010 147073.016
30.16010 147597.141
30.18010 147212.578
30.20010 147385.328
30.22010 146923.719
30.24010 146999.062
30.26010 146693.438
30.28010 146619.031
30.30010 145876.281
30.32010 146315.016
30.34010 146180.125
30.36010 146472.141
30.38010 145565.469
30.40010 145149.141
30.42010 145099.672
30.44010 145078.625
30.46010 145001.266
30.48010 144640.578
30.50010 144059.562
30.52010 144010.719
30.54010 144704.719
30.56010 144620.188
30.58010 143973.109
30.60010 143645.297
30.62010 142970.484
30.64010 143335.188
30.66010 143315.844
30.68010 143433.750
30.70010 143010.469
30.72010 142815.656
30.74010 143075.297
30.76010 142798.203
30.78010 142501.250
30.80010 143023.281
30.82010 142253.234
30.84010 141838.859
30.86010 141755.922
30.88010 141856.812
30.90010 142053.828
30.92010 141206.422
30.94010 141614.922
30.96010 141237.000
30.98010 141332.688
31.00010 140873.250
31.02010 140325.766
31.04010 140910.703
31.06010 140219.938
31.08010 140174.172
31.10010 139752.516
31.12010 139970.891
31.14010 139818.875
31.16010 139517.344
31.18010 139473.797
31.20010 139468.031
31.22010 139232.531
31.24010 139280.500
31.26010 139555.391
31.28010 138563.766
31.30010 138785.953
31.32010 138608.234
31.34010 138955.422
31.36010 138101.891
31.38010 138764.203
31.40010 137603.609
31.42010 137412.266
31.44010 137082.031
31.46010 137917.562
31.48010 137790.156
31.50010 137508.047
31.52010 137701.578
31.54010 137281.234
31.56010 137096.938
31.58010 136579.734
31.60010 135986.516
31.62010 136608.234
31.64010 135750.938
31.66010 135520.844
31.68010 135860.969
31.70010 136223.078
31.72010 135309.047
31.74010 135470.078
31.76010 135255.312
31.78010 135043.453
31.80010 134505.000
31.82010 134700.141
31.84010 134983.500
31.86010 134694.578
31.88010 134306.500
31.90010 134205.438
31.92010 133718.719
31.94010 134083.297
31.96010 134281.547
31.98010 133898.984
32.00010 133069.766
32.02010 133541.219
32.04010 133130.391
32.06010 132610.469
32.08010 133191.656
32.10010 132843.609
32.12010 132927.953
32.14010 132812.844
32.16010 133142.312
32.18010 132833.203
32.20010 132140.438
32.22010 131788.125
32.24010 132131.625
32.26010 132262.578
32.28010 132043.906
32.30010 132166.141
32.32010 131774.234
32.34010 131871.484
32.36010 132396.031
32.38010 132040.578
32.40010 131913.062
32.42010 131555.531
32.44010 132008.453
32.46010 131970.516
32.48010 132005.188
32.50010 131898.734
32.52010 132374.359
32.54010 132698.562
32.56010 132571.141
32.58010 132574.672
32.60010 132963.891
32.62010 132837.703
32.64010 133588.562
32.66010 133843.750
32.68010 133238.438
32.70010 133521.719
32.72010 133887.234
32.74010 133618.766
32.76010 133536.844
32.78010 133147.469
32.80010 133184.562
32.82010 133219.438
32.84010 132580.844
32.86010 132650.266
32.88010 132210.828
32.90010 132005.844
32.92010 131203.516
32.94010 129869.961
32.96010 129803.031
32.98010 129653.461
33.00010 129575.641
33.02010 129103.609
33.04010 128656.008
33.06010 128086.039
33.08010 127572.055
33.10010 127229.953
33.12010 126972.641
33.14010 126731.336
33.16010 126314.797
33.18010 125902.148
33.20010 125838.242
33.22010 125113.336
33.24010 125093.477
33.26010 124459.789
33.28010 124420.867
33.30010 124839.492
33.32010 124181.422
33.34010 123995.773
33.36010 123464.547
33.38010 123775.734
33.40010 123315.875
33.42010 123326.703
33.44010 123087.539
33.46010 122285.945
33.48010 123094.875
33.50010 122793.812
33.52010 122441.414
33.54010 122553.836
33.56010 122259.969
33.58010 122191.305
33.60010 121991.523
33.62010 121684.500
33.64010 121348.219
33.66010 121323.844
33.68010 121090.609
33.70010 121271.328
33.72010 120989.258
33.74010 120304.781
33.76010 120385.453
33.78010 120434.062
33.80010 120292.109
33.82010 120060.281
33.84010 119912.508
33.86010 119476.141
33.88010 119746.883
33.90010 118893.609
33.92010 119112.672
33.94010 118848.242
33.96010 119191.531
33.98010 118800.203
34.00010 118549.547
34.02010 119029.719
34.04010 118237.648
34.06010 118350.586
34.08010 117867.914
34.10010 117834.234
34.12010 117716.156
34.14010 117509.523
34.16010 117453.859
34.18010 117586.500
34.20010 117218.375
34.22010 116853.953
34.24010 116721.219
34.26010 116440.539
34.28010 116899.500
34.30010 116896.898
34.32010 116378.602
34.34010 116469.281
34.36010 116134.922
34.38010 115926.453
34.40010 115918.094
34.42010 115758.508
34.44010 115505.727
34.46010 115485.719
34.48010 115325.625
34.50010 115390.914
34.52010 114913.570
34.54010 114886.773
34.56010 114213.570
34.58010 114198.016
34.60010 113978.867
34.62010 114203.875
34.64010 114135.359
34.66010 113946.945
34.68010 113898.586
34.70010 113742.367
34.72010 113431.625
34.74010 113488.695
34.76010 112864.336
34.78010 113509.867
34.80010 113060.430
34.82010 112485.531
34.84010 112834.539
34.86010 112426.000
34.88010 112855.109
34.90010 112970.852
34.92010 112489.102
34.94010 111925.844
34.96010 112088.695
34.98010 111737.930
35.00010 111409.938
