Id: "SH-125-A" Phi: "0" Scantype: "2Theta-Theta" Anode: "Cu" Wavelength: "1.5406"
27.00010 183096.594
27.02010 183391.812
27.04010 184073.969
27.06010 183725.484
27.08010 183770.562
27.10010 182834.531
27.12010 183253.078
27.14010 183521.906
27.16010 183906.156
27.18010 182574.531
27.20010 181749.766
27.22010 181210.625
27.24010 181148.344
27.26010 180982.344
27.28010 180516.312
27.30010 179353.109
27.32010 178891.328
27.34010 178672.656
27.36010 177319.312
27.38010 177284.641
27.40010 176865.484
27.42010 176323.875
27.44010 176424.766
27.46010 175997.812
27.48010 174273.656
27.50010 175048.734
27.52010 174522.172
27.54010 174418.938
27.56010 173216.531
27.58010 173809.047
27.60010 173289.266
27.62010 173075.141
27.64010 173172.531
27.66010 172731.453
27.68010 173369.578
27.70010 172464.000
27.72010 172031.594
27.74010 171777.031
27.76010 171712.875
27.78010 171199.375
27.80010 171455.875
27.82010 171592.109
27.84010 171037.625
27.86010 170498.938
27.88010 170930.094
27.90010 170516.094
27.92010 170445.766
27.94010 170650.031
27.96010 170270.188
27.98010 169785.625
28.00010 170814.734
28.02010 170007.828
28.04010 169720.000
28.06010 169699.984
28.08010 169403.984
28.10010 168955.672
28.12010 168973.703
28.14010 169293.641
28.16010 168927.844
28.18010 168932.500
28.20010 168507.578
28.22010 168975.844
28.24010 168907.562
28.26010 168093.625
28.28010 168659.734
28.30010 168049.609
28.32010 167148.734
28.34010 167608.531
28.36010 167589.406
28.38010 166321.031
28.40010 166832.172
28.42010 166547.375
28.44010 166288.281
28.46010 166893.875
28.48010 166889.172
28.50010 166122.656
28.52010 166783.531
28.54010 166197.938
28.56010 166382.969
28.58010 164836.938
28.60010 166031.656
28.62010 166641.375
28.64010 165285.531
28.66010 164949.609
28.68010 165430.281
28.70010 166283.047
28.72010 165839.938
28.74010 165393.375
28.76010 165634.156
28.78010 164839.609
28.80010 165032.969
28.82010 164325.703
28.84010 163870.703
28.86010 164493.828
28.88010 164351.266
28.90010 164066.234
28.92010 164829.906
28.94010 164342.562
28.96010 164386.078
28.98010 164227.812
29.00010 163987.328
29.02010 163967.516
29.04010 163795.938
29.06010 164349.922
29.08010 164098.172
29.10010 163927.703
29.12010 164220.688
29.14010 164086.234
29.16010 164914.969
29.18010 165795.641
29.20010 165292.109
29.22010 166632.797
29.24010 166891.859
29.26010 167616.625
29.28010 168648.281
29.30010 169821.719
29.32010 170066.953
29.34010 171172.844
29.36010 171586.828
29.38010 170803.047
29.40010 170955.891
29.42010 170478.156
29.44010 169926.719
29.46010 169551.750
29.48010 169273.016
29.50010 168641.000
29.52010 167770.266
29.54010 166696.406
29.56010 165482.734
29.58010 164877.859
29.60010 163467.234
29.62010 162892.547
29.64010 162227.016
29.66010 161232.469
29.68010 160474.656
29.70010 159656.094
29.72010 159424.859
29.74010 158813.344
29.76010 158585.375
29.78010 158429.594
29.80010 157421.781
29.82010 157855.125
29.84010 156994.625
29.86010 156301.438
29.88010 156317.234
29.90010 155861.656
29.92010 155694.875
29.94010 155577.828
29.96010 155369.766
29.98010 154945.656
30.00010 155117.516
30.02010 154601.891
30.04010 154401.531
30.06010 154926.906
30.08010 154937.547
30.10010 153850.688
30.12010 153965.625
30.14010 153811.578
30.16010 154097.562
30.18010 153146.375
30.20010 153191.391
30.22010 152811.641
30.24010 153123.938
30.26010 152550.328
30.28010 152365.844
30.30010 152071.234
30.32010 152559.688
30.34010 151769.062
30.36010 151412.750
30.38010 151964.922
30.40010 151236.500
30.42010 151234.094
30.44010 150958.438
30.46010 151312.500
30.48010 151265.766
30.50010 150418.438
30.52010 150613.047
30.54010 150296.891
30.56010 150317.453
30.58010 149935.484
30.60010 149698.438
30.62010 149407.125
30.64010 149622.672
30.66010 149450.141
30.68010 148566.703
30.70010 148923.109
30.72010 148532.141
30.74010 148652.219
30.76010 147659.141
30.78010 148223.078
30.80010 147926.109
30.82010 147873.703
30.84010 147938.828
30.86010 147817.266
30.88010 147251.953
30.90010 147183.828
30.92010 147240.156
30.94010 146963.297
30.96010 146344.219
30.98010 146337.484
31.00010 146744.453
31.02010 146513.281
31.04010 146675.078
31.06010 145605.172
31.08010 145801.219
31.10010 145933.734
31.12010 146079.141
31.14010 145460.594
31.16010 145541.797
31.18010 144941.641
31.20010 144688.234
31.22010 144864.188
31.24010 145041.516
31.26010 144391.641
31.28010 145065.188
31.30010 144614.766
31.32010 143890.625
31.34010 144886.156
31.36010 144180.500
31.38010 143780.906
31.40010 143799.750
31.42010 143424.641
31.44010 143506.641
31.46010 142907.188
31.48010 142950.078
31.50010 142335.891
31.52010 142117.469
31.54010 142260.156
31.56010 142124.203
31.58010 142142.266
31.60010 141807.688
31.62010 141961.781
31.64010 141782.328
31.66010 141045.969
31.68010 140459.016
31.70010 141129.156
31.72010 140221.125
31.74010 141113.750
31.76010 140617.469
31.78010 140673.812
31.80010 139716.297
31.82010 139828.797
31.84010 139402.562
31.86010 139555.828
31.88010 139358.000
31.90010 139530.219
31.92010 138622.812
31.94010 139631.859
31.96010 138713.312
31.98010 138219.734
32.00010 137970.344
32.02010 138057.297
32.04010 138498.766
32.06010 138041.672
32.08010 136993.141
32.10010 137574.891
32.12010 136912.484
32.14010 137369.766
32.16010 137259.906
32.18010 136839.656
32.20010 137045.531
32.22010 137471.078
32.24010 137071.250
32.26010 136232.781
32.28010 136645.188
32.30010 136969.281
32.32010 136140.266
32.34010 136005.609
32.36010 135326.375
32.38010 136032.891
32.40010 135403.859
32.42010 135347.688
32.44010 135456.250
32.46010 135060.328
32.48010 135097.781
32.50010 135195.094
32.52010 135319.891
32.54010 135391.922
32.56010 134982.906
32.58010 135502.797
32.60010 135901.125
32.62010 136812.609
32.64010 136061.719
32.66010 136447.000
32.68010 136653.250
32.70010 136796.875
32.72010 136709.625
32.74010 137258.781
32.76010 136784.609
32.78010 137327.094
32.80010 137136.281
32.82010 136684.781
32.84010 136520.297
32.86010 137003.906
32.88010 136245.094
32.90010 135539.156
32.92010 135598.891
32.94010 135634.641
32.96010 134736.578
32.98010 134681.047
33.00010 133824.531
33.02010 133448.469
33.04010 133160.734
33.06010 132510.656
33.08010 132100.938
33.10010 131391.969
33.12010 130533.930
33.14010 130752.445
33.16010 129908.617
33.18010 129689.438
33.20010 129535.664
33.22010 129228.930
33.24010 128367.453
33.26010 128024.359
33.28010 128035.273
33.30010 127962.492
33.32010 127225.312
33.34010 126581.383
33.36010 126403.328
33.38010 126803.172
33.40010 126519.539
33.42010 126055.578
33.44010 125714.375
33.46010 125939.344
33.48010 125791.734
33.50010 125596.797
33.52010 124853.125
33.54010 123919.609
33.56010 124685.914
33.58010 124710.023
33.60010 124174.266
33.62010 123774.508
33.64010 123626.125
33.66010 123711.078
33.68010 123453.180
33.70010 123117.531
33.72010 123413.070
33.74010 123097.250
33.76010 122896.000
33.78010 122990.047
33.80010 122198.336
33.82010 122274.266
33.84010 122222.164
33.86010 122134.516
33.88010 122456.961
33.90010 121544.203
33.92010 121760.211
33.94010 121075.938
33.96010 121020.469
33.98010 120926.094
34.00010 120352.750
34.02010 120391.148
34.04010 120285.195
34.06010 120243.070
34.08010 120117.898
34.10010 119306.531
34.12010 119988.758
34.14010 119722.945
34.16010 119427.836
34.18010 119167.703
34.20010 118733.914
34.22010 118794.477
34.24010 118663.812
34.26010 118918.805
34.28010 118767.703
34.30010 118823.227
34.32010 117794.469
34.34010 118114.406
34.36010 118100.328
34.38010 118283.211
34.40010 117425.977
34.42010 116914.367
34.44010 116669.930
34.46010 116744.359
34.48010 116671.938
34.50010 116159.016
34.52010 116575.812
34.54010 116781.258
34.56010 115967.250
34.58010 115972.508
34.60010 115447.727
34.62010 115469.320
34.64010 115391.852
34.66010 115559.203
34.68010 115300.453
34.70010 115516.469
34.72010 114623.547
34.74010 115342.359
34.76010 115126.641
34.78010 115209.039
34.80010 114367.867
34.82010 114478.867
34.84010 113923.797
34.86010 114247.477
34.88010 113984.742
34.90010 113819.195
34.92010 114112.336
34.94010 114196.109
34.96010 113558.492
34.98010 112422.641
35.00010 112683.328
