Id: "SH-124-B3" Phi: "90" Scantype: "2Theta-Theta" Anode: "Cu" Wavelength: "1.5406"
27.00010 173028.359
27.02010 172705.109
27.04010 173193.312
27.06010 173175.109
27.08010 172702.109
27.10010 171919.828
27.12010 172234.266
27.14010 172366.609
27.16010 172420.328
27.18010 171290.906
27.20010 171455.797
27.22010 171539.641
27.24010 171564.641
27.26010 170551.281
27.28010 171188.844
27.30010 171870.078
27.32010 171377.141
27.34010 170220.078
27.36010 170937.656
27.38010 170116.594
27.40010 170375.938
27.42010 169788.719
27.44010 169699.266
27.46010 169250.328
27.48010 169382.609
27.50010 169403.906
27.52010 169149.969
27.54010 168804.672
27.56010 168838.812
27.58010 167760.672
27.60010 169153.797
27.62010 168673.344
27.64010 168300.500
27.66010 167366.641
27.68010 167659.844
27.70010 168420.906
27.72010 167776.422
27.74010 167162.312
27.76010 167287.172
27.78010 167413.078
27.80010 166689.609
27.82010 166453.359
27.84010 166678.531
27.86010 166091.812
27.88010 165951.234
27.90010 166297.250
27.92010 165429.922
27.94010 165700.781
27.96010 165429.516
27.98010 165869.734
28.00010 165035.359
28.02010 165498.812
28.04010 165369.609
28.06010 165087.531
28.08010 164651.984
28.10010 163932.141
28.12010 165265.438
28.14010 164489.484
28.16010 163994.031
28.18010 163708.266
28.20010 164473.391
28.22010 164160.531
28.24010 164067.906
28.26010 163619.391
28.28010 163570.125
28.30010 163980.609
28.32010 164141.734
28.34010 163729.188
28.36010 164199.359
28.38010 164673.594
28.40010 164573.266
28.42010 165088.453
28.44010 165416.891
28.46010 164851.781
28.48010 164229.688
28.50010 163957.312
28.52010 163776.453
28.54010 162836.234
28.56010 162183.250
28.58010 162921.141
28.60010 161746.750
28.62010 161064.781
28.64010 161963.516
28.66010 161394.016
28.68010 161035.281
28.70010 160396.625
28.72010 160511.453
28.74010 161204.234
28.76010 161271.797
28.78010 160839.234
28.80010 160204.562
28.82010 160359.031
28.84010 160360.766
28.86010 160146.656
28.88010 160990.344
28.90010 160708.250
28.92010 160927.375
28.94010 160368.578
28.96010 160459.375
28.98010 160616.797
29.00010 161046.906
29.02010 161550.391
29.04010 161828.578
29.06010 161823.281
29.08010 162304.812
29.10010 162503.938
29.12010 163635.125
29.14010 165153.016
29.16010 166927.047
29.18010 169500.359
29.20010 172047.672
29.22010 174656.844
29.24010 178553.953
29.26010 181784.469
29.28010 184682.750
29.30010 188378.531
29.32010 191613.547
29.34010 194015.938
29.36010 195961.812
29.38010 197800.766
29.40010 197601.812
29.42010 197092.188
29.44010 196052.766
29.46010 194719.219
29.48010 191919.688
29.50010 188935.641
29.52010 185592.438
29.54010 181785.266
29.56010 178260.328
29.58010 174949.219
29.60010 171454.156
29.62010 168229.969
29.64010 164938.297
29.66010 163707.297
29.68010 161111.953
29.70010 160201.750
29.72010 158238.406
29.74010 157176.578
29.76010 155942.281
29.78010 155278.406
29.80010 154594.281
29.82010 154004.250
29.84010 153218.844
29.86010 152577.562
29.88010 151610.203
29.90010 152417.312
29.92010 151782.719
29.94010 151132.469
29.96010 150470.641
29.98010 150212.281
30.00010 149929.109
30.02010 150207.797
30.04010 149246.266
30.06010 149347.609
30.08010 149246.141
30.10010 148675.969
30.12010 148324.922
30.14010 147751.547
30.16010 147792.297
30.18010 147582.094
30.20010 146785.281
30.22010 146909.734
30.24010 147141.734
30.26010 146685.547
30.28010 147194.422
30.30010 146363.219
30.32010 146537.422
30.34010 146647.188
30.36010 146226.859
30.38010 145589.547
30.40010 145133.438
30.42010 145697.484
30.44010 145537.062
30.46010 145245.812
30.48010 144690.281
30.50010 143554.750
30.52010 144442.859
30.54010 144342.828
30.56010 144022.422
30.58010 143376.422
30.60010 143771.031
30.62010 143986.312
30.64010 143447.734
30.66010 143325.938
30.68010 142734.797
30.70010 142710.234
30.72010 142946.828
30.74010 142905.406
30.76010 142566.812
30.78010 142389.406
30.80010 142017.469
30.82010 142057.016
30.84010 141140.078
30.86010 141091.234
30.88010 141815.938
30.90010 141211.703
30.92010 141520.484
30.94010 140897.094
30.96010 140759.531
30.98010 140555.781
31.00010 140431.062
31.02010 140080.453
31.04010 139845.125
31.06010 140252.016
31.08010 140010.859
31.10010 139629.484
31.12010 139596.109
31.14010 139362.969
31.16010 139904.359
31.18010 140349.578
31.20010 140634.484
31.22010 141245.234
31.24010 142013.953
31.26010 142693.125
31.28010 143936.297
31.30010 144545.391
31.32010 144605.578
31.34010 144992.859
31.36010 145584.422
31.38010 145769.734
31.40010 145281.438
31.42010 144384.641
31.44010 144491.062
31.46010 144223.531
31.48010 143322.297
31.50010 142310.906
31.52010 140709.328
31.54010 140358.203
31.56010 139488.062
31.58010 138531.141
31.60010 137251.297
31.62010 136957.672
31.64010 136273.781
31.66010 136154.219
31.68010 134887.609
31.70010 135343.859
31.72010 135475.469
31.74010 134689.516
31.76010 134579.406
31.78010 134800.953
31.80010 134331.453
31.82010 133622.906
31.84010 133769.266
31.86010 133187.594
31.88010 133201.844
31.90010 132580.172
31.92010 132566.125
31.94010 132060.234
31.96010 132230.438
31.98010 132223.828
32.00010 131579.250
32.02010 131107.312
32.04010 131418.719
32.06010 131599.078
32.08010 130732.820
32.10010 130936.711
32.12010 130430.938
32.14010 130551.102
32.16010 131121.234
32.18010 130379.328
32.20010 130114.617
32.22010 130055.477
32.24010 130656.266
32.26010 130058.039
32.28010 129623.570
32.30010 129405.305
32.32010 129137.523
32.34010 129082.828
32.36010 129046.094
32.38010 129031.008
32.40010 128879.055
32.42010 128496.617
32.44010 128043.633
32.46010 128593.016
32.48010 128021.672
32.50010 127696.133
32.52010 127747.867
32.54010 127438.648
32.56010 127722.969
32.58010 127037.234
32.60010 126781.430
32.62010 126438.133
32.64010 126631.062
32.66010 126809.008
32.68010 126021.047
32.70010 125684.828
32.72010 125811.805
32.74010 125933.062
32.76010 125137.195
32.78010 125238.688
32.80010 124842.102
32.82010 125007.719
32.84010 125422.695
32.86010 124768.570
32.88010 124853.844
32.90010 124757.180
32.92010 124708.633
32.94010 124395.664
32.96010 124136.031
32.98010 123859.805
33.00010 124325.172
33.02010 124425.273
33.04010 123557.789
33.06010 123765.102
33.08010 123067.891
33.10010 123348.016
33.12010 123267.578
33.14010 122611.352
33.16010 122917.125
33.18010 121988.203
33.20010 122100.117
33.22010 121653.250
33.24010 121980.938
33.26010 121758.703
33.28010 121821.703
33.30010 121718.641
33.32010 121172.852
33.34010 121012.109
33.36010 121221.016
33.38010 121127.820
33.40010 120779.992
33.42010 120159.055
33.44010 120187.352
33.46010 119915.609
33.48010 120193.844
33.50010 120012.625
33.52010 120075.703
33.54010 119607.750
33.56010 119817.539
33.58010 119721.594
33.60010 119236.680
33.62010 119026.391
33.64010 118908.102
33.66010 118465.281
33.68010 118844.984
33.70010 118375.008
33.72010 118440.875
33.74010 118310.352
33.76010 118271.977
33.78010 118233.188
33.80010 117038.695
33.82010 116818.961
33.84010 117712.844
33.86010 117621.414
33.88010 117555.469
33.90010 116946.367
33.92010 117020.922
33.94010 116181.266
33.96010 116789.664
33.98010 116955.898
34.00010 116808.219
34.02010 116092.953
34.04010 116144.133
34.06010 115706.508
34.08010 116217.289
34.10010 115904.273
34.12010 115735.828
34.14010 116175.578
34.16010 115325.578
34.18010 115241.828
34.20010 115054.258
34.22010 114750.203
34.24010 114305.555
34.26010 114450.125
34.28010 114929.562
34.30010 113924.352
34.32010 113905.750
34.34010 113581.641
34.36010 113565.688
34.38010 113145.867
34.40010 113505.258
34.42010 112929.922
34.44010 112687.492
34.46010 112465.062
34.48010 113260.000
34.50010 112641.141
34.52010 113243.609
34.54010 111992.711
34.56010 113170.945
34.58010 112405.008
34.60010 111976.383
34.62010 112057.977
34.64010 111991.469
34.66010 111869.727
34.68010 111571.406
34.70010 111783.867
34.72010 111958.805
34.74010 111013.914
34.76010 110888.133
34.78010 111201.289
34.80010 110836.961
34.82010 110756.352
34.84010 110828.922
34.86010 110851.586
34.88010 110116.156
34.90010 110438.398
34.92010 110295.711
34.94010 110255.383
34.96010 110241.102
34.98010 109143.656
35.00010 109279.938
