Id: "SH-124-B3" Phi: "60" Scantype: "2Theta-Theta" Anode: "Cu" Wavelength: "1.5406"
27.00010 180733.172
27.02010 180337.109
27.04010 180906.031
27.06010 181190.875
27.08010 180199.094
27.10010 179617.469
27.12010 179855.469
27.14010 179978.344
27.16010 179853.984
27.18010 178483.891
27.20010 178714.547
27.22010 180228.984
27.24010 178919.344
27.26010 178804.062
27.28010 178692.797
27.30010 178279.328
27.32010 178379.500
27.34010 178379.469
27.36010 178368.375
27.38010 177363.406
27.40010 177963.938
27.42010 178151.922
27.44010 178406.984
27.46010 176747.438
27.48010 176487.078
27.50010 176983.922
27.52010 177035.156
27.54010 177065.078
27.56010 176774.703
27.58010 176210.109
27.60010 176388.469
27.62010 175254.281
27.64010 176308.859
27.66010 176021.609
27.68010 176197.672
27.70010 175933.625
27.72010 175523.109
27.74010 175497.125
27.76010 175609.859
27.78010 175088.703
27.80010 175011.047
27.82010 174539.016
27.84010 174272.000
27.86010 173629.875
27.88010 173476.531
27.90010 173961.656
27.92010 174088.266
27.94010 174247.281
27.96010 172806.922
27.98010 173238.734
28.00010 173718.969
28.02010 172685.609
28.04010 172995.516
28.06010 173140.031
28.08010 172589.109
28.10010 172829.406
28.12010 172016.516
28.14010 171708.000
28.16010 172005.484
28.18010 172656.719
28.20010 172347.938
28.22010 171420.562
28.24010 170936.047
28.26010 171335.859
28.28010 171573.641
28.30010 172283.406
28.32010 171335.047
28.34010 171383.000
28.36010 171528.891
28.38010 171333.734
28.40010 171779.656
28.42010 171613.062
28.44010 171190.969
28.46010 171881.875
28.48010 171168.047
28.50010 170770.781
28.52010 170598.656
28.54010 170015.469
28.56010 169735.312
28.58010 169432.859
28.60010 168827.234
28.62010 168592.438
28.64010 168838.750
28.66010 168416.953
28.68010 169397.734
28.70010 168475.438
28.72010 168205.641
28.74010 167881.891
28.76010 168593.016
28.78010 167673.078
28.80010 168436.906
28.82010 168035.500
28.84010 167889.219
28.86010 167811.922
28.88010 167913.453
28.90010 167965.141
28.92010 167601.562
28.94010 168419.250
28.96010 167556.234
28.98010 168094.875
29.00010 168666.625
29.02010 168288.094
29.04010 168503.328
29.06010 168996.031
29.08010 169175.969
29.10010 170100.500
29.12010 170048.859
29.14010 171553.891
29.16010 173443.469
29.18010 174817.359
29.20010 177734.031
29.22010 180939.703
29.24010 183932.391
29.26010 187065.328
29.28010 191421.766
29.30010 193701.422
29.32010 197834.391
29.34010 201763.328
29.36010 203487.453
29.38010 206123.641
29.40010 208552.844
29.42010 208993.266
29.44010 208864.219
29.46010 207188.672
29.48010 205134.156
29.50010 202965.562
29.52010 199733.812
29.54010 195872.172
29.56010 192008.625
29.58010 189004.250
29.60010 184872.031
29.62010 181327.969
29.64010 179040.141
29.66010 175843.391
29.68010 172797.594
29.70010 170738.219
29.72010 169109.984
29.74010 167093.125
29.76010 165415.516
29.78010 164111.266
29.80010 163006.906
29.82010 162255.844
29.84010 161647.516
29.86010 160853.422
29.88010 160047.703
29.90010 159524.422
29.92010 159283.344
29.94010 157909.547
29.96010 157526.234
29.98010 157461.031
30.00010 157455.859
30.02010 156877.156
30.04010 156319.844
30.06010 155702.031
30.08010 156748.125
30.10010 155745.891
30.12010 155149.203
30.14010 155521.938
30.16010 155317.766
30.18010 154486.094
30.20010 154542.344
30.22010 154104.094
30.24010 153757.938
30.26010 153846.375
30.28010 153091.656
30.30010 152974.078
30.32010 152449.859
30.34010 152567.875
30.36010 152214.359
30.38010 151879.391
30.40010 151985.625
30.42010 151434.016
30.44010 151046.422
30.46010 150614.078
30.48010 150169.266
30.50010 150489.688
30.52010 150624.891
30.54010 150309.047
30.56010 150774.516
30.58010 149424.344
30.60010 149827.547
30.62010 149295.859
30.64010 148990.453
30.66010 148930.375
30.68010 148543.094
30.70010 148452.406
30.72010 149085.625
30.74010 147981.547
30.76010 147978.656
30.78010 147430.016
30.80010 147756.203
30.82010 146878.344
30.84010 146705.656
30.86010 146965.312
30.88010 146935.453
30.90010 146819.641
30.92010 146303.266
30.94010 145630.594
30.96010 146253.797
30.98010 146332.328
31.00010 145878.438
31.02010 146020.359
31.04010 145214.531
31.06010 145727.312
31.08010 145153.234
31.10010 144772.328
31.12010 144875.672
31.14010 144633.000
31.16010 144859.828
31.18010 145217.312
31.20010 146162.562
31.22010 146481.656
31.24010 146001.438
31.26010 147336.266
31.28010 148552.859
31.30010 149315.109
31.32010 148708.516
31.34010 149670.922
31.36010 150087.547
31.38010 150348.859
31.40010 150489.312
31.42010 150253.625
31.44010 150092.609
31.46010 148934.141
31.48010 148545.984
31.50010 147072.406
31.52010 145706.750
31.54010 145150.703
31.56010 143879.188
31.58010 143078.984
31.60010 142233.188
31.62010 141952.625
31.64010 141045.859
31.66010 140158.094
31.68010 139598.719
31.70010 139597.781
31.72010 138829.719
31.74010 139125.484
31.76010 138455.266
31.78010 138017.734
31.80010 137856.062
31.82010 137946.578
31.84010 137741.875
31.86010 136978.906
31.88010 136935.875
31.90010 136863.297
31.92010 136553.016
31.94010 136295.797
31.96010 136267.453
31.98010 135727.938
32.00010 135814.719
32.02010 135868.766
32.04010 134719.562
32.06010 135092.078
32.08010 135474.688
32.10010 134732.531
32.12010 135084.922
32.14010 134798.000
32.16010 134999.453
32.18010 134518.969
32.20010 133908.047
32.22010 133962.938
32.24010 134118.969
32.26010 133593.125
32.28010 133026.078
32.30010 132553.156
32.32010 133113.016
32.34010 132672.234
32.36010 132414.062
32.38010 132396.625
32.40010 132024.141
32.42010 131610.438
32.44010 132463.672
32.46010 131757.750
32.48010 131087.906
32.50010 130898.656
32.52010 130751.805
32.54010 131195.641
32.56010 130855.219
32.58010 130048.883
32.60010 129920.930
32.62010 130287.195
32.64010 130138.516
32.66010 129994.336
32.68010 129230.367
32.70010 129366.211
32.72010 128623.367
32.74010 129204.172
32.76010 128642.352
32.78010 128432.664
32.80010 128065.945
32.82010 127902.227
32.84010 128204.703
32.86010 127665.945
32.88010 127524.047
32.90010 127309.758
32.92010 127149.797
32.94010 126915.859
32.96010 127618.594
32.98010 126729.031
33.00010 126529.734
33.02010 126630.383
33.04010 126004.352
33.06010 126559.508
33.08010 125950.008
33.10010 125533.078
33.12010 125421.461
33.14010 125652.062
33.16010 124941.234
33.18010 125254.398
33.20010 125222.836
33.22010 124830.500
33.24010 124667.812
33.26010 123859.539
33.28010 123884.305
33.30010 123608.391
33.32010 123746.625
33.34010 124147.594
33.36010 123147.289
33.38010 123214.492
33.40010 123638.977
33.42010 122850.773
33.44010 122411.914
33.46010 122336.367
33.48010 122403.781
33.50010 122606.367
33.52010 122247.023
33.54010 122607.461
33.56010 121571.453
33.58010 121599.766
33.60010 121186.438
33.62010 121149.742
33.64010 121507.594
33.66010 121399.469
33.68010 121118.742
33.70010 121304.023
33.72010 120161.914
33.74010 119747.484
33.76010 119853.367
33.78010 120310.523
33.80010 119938.414
33.82010 119967.305
33.84010 118742.664
33.86010 119383.406
33.88010 119162.062
33.90010 119065.453
33.92010 118668.609
33.94010 118667.609
33.96010 118449.398
33.98010 118268.859
34.00010 118957.930
34.02010 118103.391
34.04010 117832.516
34.06010 117363.000
34.08010 117541.938
34.10010 117266.031
34.12010 117537.312
34.14010 116961.281
34.16010 116394.094
34.18010 116997.539
34.20010 117202.883
34.22010 116003.562
34.24010 115416.891
34.26010 115803.672
34.28010 115852.617
34.30010 115817.688
34.32010 115265.797
34.34010 115490.430
34.36010 115253.188
34.38010 115651.750
34.40010 115198.133
34.42010 115359.180
34.44010 114694.094
34.46010 114206.055
34.48010 113875.695
34.50010 114233.953
34.52010 113743.859
34.54010 114162.727
34.56010 114038.906
34.58010 114115.305
34.60010 113779.211
34.62010 113501.500
34.64010 113222.406
34.66010 113369.141
34.68010 112880.641
34.70010 112573.008
34.72010 112154.641
34.74010 112625.062
34.76010 112249.906
34.78010 112439.516
34.80010 112430.914
34.82010 112155.094
34.84010 112191.922
34.86010 111426.805
34.88010 111206.039
34.90010 111389.102
34.92010 111197.297
34.94010 110508.828
34.96010 110928.477
34.98010 110563.945
35.00010 110786.805
