Id: "SH-124-B3" Phi: "30" Scantype: "2Theta-Theta" Anode: "Cu" Wavelength: "1.5406"
27.00010 204322.906
27.02010 203706.312
27.04010 203931.453
27.06010 204204.484
27.08010 204202.688
27.10010 204767.938
27.12010 203657.891
27.14010 203465.719
27.16010 203306.734
27.18010 202235.031
27.20010 202667.984
27.22010 203463.656
27.24010 202786.234
27.26010 203335.797
27.28010 202935.609
27.30010 202760.219
27.32010 202343.422
27.34010 202098.922
27.36010 202501.641
27.38010 202996.031
27.40010 203135.891
27.42010 202684.250
27.44010 202633.609
27.46010 202299.406
27.48010 201924.734
27.50010 201713.078
27.52010 201861.172
27.54010 202073.047
27.56010 201428.766
27.58010 201878.750
27.60010 201548.484
27.62010 200924.703
27.64010 201341.828
27.66010 200475.719
27.68010 200934.109
27.70010 201598.375
27.72010 201379.812
27.74010 200807.719
27.76010 200276.281
27.78010 200208.094
27.80010 200918.141
27.82010 200845.719
27.84010 200074.547
27.86010 200312.328
27.88010 200238.453
27.90010 200100.281
27.92010 198938.125
27.94010 199115.656
27.96010 199997.984
27.98010 199796.391
28.00010 199813.469
28.02010 199691.828
28.04010 199274.938
28.06010 199579.859
28.08010 198658.641
28.10010 199072.078
28.12010 198702.859
28.14010 198766.531
28.16010 199059.031
28.18010 199078.578
28.20010 197927.234
28.22010 197452.625
28.24010 197699.297
28.26010 198232.859
28.28010 197428.531
28.30010 197448.344
28.32010 197246.250
28.34010 197253.922
28.36010 197990.984
28.38010 197096.344
28.40010 198040.266
28.42010 197412.531
28.44010 197632.172
28.46010 196917.781
28.48010 197297.406
28.50010 197475.250
28.52010 197097.797
28.54010 197064.328
28.56010 196377.531
28.58010 196265.484
28.60010 196020.422
28.62010 196723.172
28.64010 195898.047
28.66010 195814.484
28.68010 195329.938
28.70010 195864.078
28.72010 195314.500
28.74010 195749.828
28.76010 195227.719
28.78010 194506.625
28.80010 195912.047
28.82010 194911.344
28.84010 195119.734
28.86010 195476.391
28.88010 195290.641
28.90010 195355.125
28.92010 195607.109
28.94010 194826.062
28.96010 195196.234
28.98010 194732.547
29.00010 195811.188
29.02010 195609.250
29.04010 195117.188
29.06010 196026.422
29.08010 195791.234
29.10010 196330.203
29.12010 197756.594
29.14010 198343.125
29.16010 198922.109
29.18010 199308.500
29.20010 200853.375
29.22010 202691.375
29.24010 204792.828
29.26010 208429.266
29.28010 209993.141
29.30010 213026.188
29.32010 215275.266
29.34010 217605.438
29.36010 220451.797
29.38010 221754.219
29.40010 223857.266
29.42010 224456.984
29.44010 225404.703
29.46010 225859.062
29.48010 224716.359
29.50010 223701.969
29.52010 221162.375
29.54010 218777.203
29.56010 215785.891
29.58010 213267.500
29.60010 210021.016
29.62010 206935.125
29.64010 204380.469
29.66010 200886.281
29.68010 198325.969
29.70010 196817.922
29.72010 195532.797
29.74010 193761.719
29.76010 192523.938
29.78010 191159.953
29.80010 190535.188
29.82010 190204.422
29.84010 189108.609
29.86010 188350.859
29.88010 188547.516
29.90010 187296.750
29.92010 186610.156
29.94010 186935.656
29.96010 186029.547
29.98010 185600.047
30.00010 185343.297
30.02010 185001.031
30.04010 184398.219
30.06010 183711.562
30.08010 183971.562
30.10010 184166.656
30.12010 183095.969
30.14010 183665.734
30.16010 182521.406
30.18010 182217.500
30.20010 182080.141
30.22010 181984.922
30.24010 181904.688
30.26010 181649.000
30.28010 180902.688
30.30010 181116.594
30.32010 180050.875
30.34010 180226.125
30.36010 180583.172
30.38010 180513.000
30.40010 180439.266
30.42010 179019.891
30.44010 178942.516
30.46010 178725.531
30.48010 178601.172
30.50010 177660.844
30.52010 178153.766
30.54010 177342.016
30.56010 178269.031
30.58010 177532.750
30.60010 176660.531
30.62010 176332.312
30.64010 176715.969
30.66010 177119.500
30.68010 176403.125
30.70010 175771.891
30.72010 175553.594
30.74010 175716.922
30.76010 174747.547
30.78010 174953.219
30.80010 174315.000
30.82010 174232.547
30.84010 174280.500
30.86010 174250.391
30.88010 173959.672
30.90010 173314.891
30.92010 173162.469
30.94010 172536.531
30.96010 172790.000
30.98010 172547.453
31.00010 172991.062
31.02010 172059.641
31.04010 171548.766
31.06010 171378.969
31.08010 171880.672
31.10010 171473.875
31.12010 171043.094
31.14010 171336.234
31.16010 170635.312
31.18010 170264.312
31.20010 170567.688
31.22010 170534.984
31.24010 170789.000
31.26010 171041.031
31.28010 171083.750
31.30010 170789.656
31.32010 170693.531
31.34010 171362.469
31.36010 171259.953
31.38010 172072.609
31.40010 171422.719
31.42010 171270.578
31.44010 171495.250
31.46010 170711.453
31.48010 171040.156
31.50010 170285.172
31.52010 169836.547
31.54010 169039.219
31.56010 169045.641
31.58010 167174.188
31.60010 166619.891
31.62010 165676.469
31.64010 166224.688
31.66010 165588.312
31.68010 164410.047
31.70010 165190.562
31.72010 164112.281
31.74010 163942.672
31.76010 164204.000
31.78010 163234.203
31.80010 162887.062
31.82010 162585.938
31.84010 162640.438
31.86010 161456.438
31.88010 161675.500
31.90010 162010.781
31.92010 160816.500
31.94010 160925.109
31.96010 161078.344
31.98010 160863.828
32.00010 160697.953
32.02010 159751.594
32.04010 159849.203
32.06010 159616.594
32.08010 159584.984
32.10010 159102.969
32.12010 158962.266
32.14010 158990.281
32.16010 159029.891
32.18010 158501.000
32.20010 158176.531
32.22010 158208.734
32.24010 157504.297
32.26010 157291.016
32.28010 157026.047
32.30010 156585.531
32.32010 156568.172
32.34010 156820.562
32.36010 156560.688
32.38010 155933.844
32.40010 155581.828
32.42010 156173.078
32.44010 154994.828
32.46010 154322.828
32.48010 154232.234
32.50010 154819.906
32.52010 154349.797
32.54010 154004.328
32.56010 153861.547
32.58010 153533.312
32.60010 152925.719
32.62010 152467.891
32.64010 152584.688
32.66010 152289.562
32.68010 152363.953
32.70010 152104.219
32.72010 151483.094
32.74010 151751.547
32.76010 151737.812
32.78010 151154.109
32.80010 150583.828
32.82010 150806.500
32.84010 150808.156
32.86010 150090.797
32.88010 150227.312
32.90010 150264.344
32.92010 149957.000
32.94010 149612.828
32.96010 149621.922
32.98010 149063.047
33.00010 149345.125
33.02010 148741.312
33.04010 148413.781
33.06010 148607.109
33.08010 148335.594
33.10010 147642.250
33.12010 147865.984
33.14010 146985.516
33.16010 146502.125
33.18010 146550.109
33.20010 146301.703
33.22010 145826.281
33.24010 146005.000
33.26010 145777.328
33.28010 145319.094
33.30010 145112.297
33.32010 145905.891
33.34010 145299.141
33.36010 143901.188
33.38010 144257.703
33.40010 144281.672
33.42010 144318.297
33.44010 144036.031
33.46010 143156.906
33.48010 143237.219
33.50010 143072.094
33.52010 143149.797
33.54010 142730.172
33.56010 142143.000
33.58010 142375.531
33.60010 142348.875
33.62010 141671.078
33.64010 141756.812
33.66010 141850.469
33.68010 141371.891
33.70010 141036.625
33.72010 140597.156
33.74010 140281.094
33.76010 139450.844
33.78010 140172.266
33.80010 140084.062
33.82010 139642.922
33.84010 139391.531
33.86010 139457.797
33.88010 138599.750
33.90010 138826.578
33.92010 138711.547
33.94010 138824.625
33.96010 138206.656
33.98010 138191.531
34.00010 138423.359
34.02010 137713.219
34.04010 137110.062
34.06010 136605.234
34.08010 136230.219
34.10010 136700.891
34.12010 136496.266
34.14010 135869.703
34.16010 135512.438
34.18010 136201.375
34.20010 135885.438
34.22010 135587.484
34.24010 135711.859
34.26010 135054.750
34.28010 134367.344
34.30010 134552.094
34.32010 134660.188
34.34010 133757.625
34.36010 133838.047
34.38010 133925.734
34.40010 133674.953
34.42010 133528.016
34.44010 133499.781
34.46010 133148.875
34.48010 132429.391
34.50010 132693.078
34.52010 132497.125
34.54010 132103.516
34.56010 132301.047
34.58010 132528.688
34.60010 131749.469
34.62010 131395.641
34.64010 131217.828
34.66010 130850.688
34.68010 130355.961
34.70010 130468.258
34.72010 130452.305
34.74010 130073.844
34.76010 130045.445
34.78010 130305.102
34.80010 130146.398
34.82010 129630.812
34.84010 129842.586
34.86010 128810.008
34.88010 128721.188
34.90010 128661.625
34.92010 128274.289
34.94010 128442.461
34.96010 128153.477
34.98010 126830.891
35.00010 127838.711
