Id: "SH-124-B3" Phi: "120" Scantype: "2Theta-Theta" Anode: "Cu" Wavelength: "1.5406"
27.00010 175133.516
27.02010 175206.734
27.04010 175486.922
27.06010 175336.531
27.08010 175301.891
27.10010 174178.828
27.12010 174430.078
27.14010 173750.906
27.16010 174464.938
27.18010 174520.953
27.20010 174064.906
27.22010 173476.000
27.24010 172948.266
27.26010 173038.359
27.28010 172868.250
27.30010 173056.141
27.32010 172854.797
27.34010 173285.344
27.36010 172108.469
27.38010 172105.625
27.40010 172300.859
27.42010 172675.406
27.44010 172738.203
27.46010 171525.297
27.48010 171815.312
27.50010 171226.609
27.52010 171221.109
27.54010 171095.500
27.56010 170359.500
27.58010 171041.516
27.60010 170568.969
27.62010 170685.688
27.64010 170926.625
27.66010 169722.500
27.68010 170134.062
27.70010 169637.156
27.72010 170174.984
27.74010 169772.172
27.76010 169406.156
27.78010 169207.250
27.80010 169480.031
27.82010 169243.141
27.84010 169463.531
27.86010 168598.703
27.88010 169449.844
27.90010 168182.844
27.92010 168548.953
27.94010 167863.875
27.96010 168641.125
27.98010 167956.609
28.00010 168007.484
28.02010 166946.453
28.04010 167245.375
28.06010 167014.578
28.08010 167535.703
28.10010 166609.047
28.12010 166142.500
28.14010 166411.562
28.16010 166003.953
28.18010 166680.797
28.20010 166260.719
28.22010 166399.828
28.24010 167241.094
28.26010 167491.734
28.28010 166698.750
28.30010 166783.266
28.32010 168206.453
28.34010 170689.203
28.36010 172531.703
28.38010 174054.188
28.40010 176241.188
28.42010 179115.734
28.44010 179191.047
28.46010 179835.281
28.48010 180744.922
28.50010 180488.766
28.52010 179318.562
28.54010 177611.734
28.56010 175954.203
28.58010 174275.922
28.60010 172351.734
28.62010 169102.234
28.64010 166898.125
28.66010 166453.422
28.68010 165742.656
28.70010 163398.562
28.72010 163573.594
28.74010 162583.031
28.76010 162702.047
28.78010 163056.766
28.80010 163200.859
28.82010 162500.078
28.84010 162618.641
28.86010 162422.250
28.88010 162043.828
28.90010 162050.484
28.92010 162585.578
28.94010 162590.094
28.96010 162523.312
28.98010 162404.828
29.00010 162624.391
29.02010 162426.969
29.04010 162907.500
29.06010 162829.234
29.08010 164163.359
29.10010 164547.875
29.12010 165165.578
29.14010 166107.750
29.16010 167496.547
29.18010 170127.578
29.20010 171892.672
29.22010 173670.422
29.24010 177237.688
29.26010 180687.656
29.28010 183597.484
29.30010 186171.219
29.32010 189278.438
29.34010 190524.000
29.36010 191982.750
29.38010 191870.906
29.40010 191903.016
29.42010 192558.031
29.44010 190858.125
29.46010 189118.391
29.48010 186965.906
29.50010 184249.203
29.52010 180782.484
29.54010 177833.484
29.56010 174371.297
29.58010 171256.094
29.60010 168986.891
29.62010 165926.672
29.64010 163242.031
29.66010 162830.766
29.68010 161079.219
29.70010 160000.750
29.72010 158693.578
29.74010 157126.562
29.76010 157233.516
29.78010 156536.094
29.80010 155567.016
29.82010 154771.531
29.84010 154014.578
29.86010 153823.547
29.88010 153188.547
29.90010 153351.375
29.92010 152549.328
29.94010 152760.203
29.96010 152156.641
29.98010 151909.578
30.00010 151404.969
30.02010 150522.609
30.04010 150743.484
30.06010 150935.828
30.08010 150646.188
30.10010 150455.000
30.12010 150229.891
30.14010 149630.641
30.16010 149394.953
30.18010 149249.203
30.20010 149535.531
30.22010 148977.031
30.24010 148033.156
30.26010 148217.391
30.28010 147942.469
30.30010 147543.312
30.32010 147583.641
30.34010 147453.109
30.36010 147284.297
30.38010 147279.719
30.40010 146308.844
30.42010 146620.188
30.44010 146835.000
30.46010 146445.594
30.48010 146182.609
30.50010 146159.062
30.52010 146317.000
30.54010 145216.703
30.56010 145584.781
30.58010 145720.734
30.60010 145154.906
30.62010 144821.297
30.64010 143752.781
30.66010 144361.531
30.68010 143862.047
30.70010 144137.234
30.72010 144240.047
30.74010 144462.531
30.76010 143959.984
30.78010 143431.469
30.80010 144060.125
30.82010 143268.953
30.84010 143052.203
30.86010 142661.531
30.88010 142663.938
30.90010 142567.016
30.92010 142862.344
30.94010 142823.234
30.96010 142359.016
30.98010 141764.609
31.00010 141287.828
31.02010 141660.875
31.04010 142190.719
31.06010 141681.625
31.08010 141608.391
31.10010 140858.766
31.12010 141828.750
31.14010 141668.250
31.16010 140723.625
31.18010 140997.891
31.20010 142032.016
31.22010 142375.672
31.24010 142461.797
31.26010 142930.922
31.28010 143419.969
31.30010 143705.891
31.32010 143921.188
31.34010 144307.156
31.36010 144392.312
31.38010 144224.359
31.40010 143909.125
31.42010 143582.969
31.44010 142834.422
31.46010 142986.516
31.48010 142557.625
31.50010 141884.016
31.52010 141021.297
31.54010 139564.375
31.56010 139159.203
31.58010 139199.953
31.60010 138286.266
31.62010 137404.391
31.64010 136935.672
31.66010 137634.281
31.68010 137071.953
31.70010 136437.047
31.72010 136415.766
31.74010 136870.422
31.76010 136624.078
31.78010 136028.047
31.80010 136866.422
31.82010 136309.109
31.84010 135539.250
31.86010 135381.906
31.88010 135128.094
31.90010 135084.719
31.92010 133820.188
31.94010 134326.469
31.96010 133664.547
31.98010 133025.906
32.00010 133352.547
32.02010 132753.422
32.04010 132691.391
32.06010 132762.734
32.08010 132398.406
32.10010 131961.141
32.12010 132078.922
32.14010 132325.766
32.16010 131863.594
32.18010 131462.609
32.20010 131506.500
32.22010 131583.359
32.24010 131057.555
32.26010 130994.789
32.28010 131199.422
32.30010 130433.938
32.32010 130816.461
32.34010 130362.203
32.36010 130161.914
32.38010 130011.539
32.40010 130051.133
32.42010 128991.531
32.44010 129741.906
32.46010 128832.289
32.48010 129229.586
32.50010 129538.148
32.52010 128952.328
32.54010 128456.680
32.56010 128238.445
32.58010 128790.766
32.60010 128141.234
32.62010 128409.688
32.64010 127915.609
32.66010 127834.922
32.68010 127004.164
32.70010 126759.375
32.72010 126570.680
32.74010 127072.602
32.76010 126913.055
32.78010 126309.656
32.80010 126500.297
32.82010 126455.789
32.84010 125993.617
32.86010 125702.758
32.88010 126466.516
32.90010 125867.305
32.92010 125070.031
32.94010 125109.164
32.96010 125298.453
32.98010 125019.727
33.00010 124881.773
33.02010 124765.602
33.04010 124978.219
33.06010 124239.578
33.08010 123908.797
33.10010 124362.375
33.12010 124089.234
33.14010 124116.508
33.16010 123566.172
33.18010 123481.156
33.20010 123319.688
33.22010 123225.078
33.24010 123046.141
33.26010 122701.320
33.28010 122710.406
33.30010 123144.648
33.32010 122408.922
33.34010 121735.133
33.36010 122278.773
33.38010 122908.117
33.40010 122229.734
33.42010 122324.312
33.44010 122083.641
33.46010 121524.320
33.48010 120905.641
33.50010 120986.578
33.52010 120950.266
33.54010 120797.422
33.56010 120387.977
33.58010 120419.391
33.60010 120086.570
33.62010 120184.672
33.64010 120310.852
33.66010 120739.219
33.68010 119839.016
33.70010 120256.109
33.72010 119194.336
33.74010 119789.383
33.76010 119013.289
33.78010 118511.836
33.80010 118079.477
33.82010 118658.992
33.84010 118268.055
33.86010 117911.602
33.88010 118175.008
33.90010 117779.141
33.92010 117199.047
33.94010 117689.086
33.96010 117774.500
33.98010 117709.461
34.00010 117589.305
34.02010 117630.727
34.04010 117503.117
34.06010 116606.492
34.08010 116164.445
34.10010 115954.938
34.12010 116479.180
34.14010 116299.008
34.16010 116399.336
34.18010 116557.188
34.20010 116671.438
34.22010 116328.414
34.24010 115766.250
34.26010 116000.617
34.28010 115279.859
34.30010 115383.648
34.32010 114318.031
34.34010 115402.016
34.36010 114888.602
34.38010 115058.273
34.40010 114738.367
34.42010 114291.586
34.44010 114319.945
34.46010 114254.609
34.48010 113888.961
34.50010 114215.023
34.52010 113513.102
34.54010 113454.992
34.56010 113644.477
34.58010 113823.570
34.60010 113072.547
34.62010 112983.062
34.64010 113050.477
34.66010 112912.312
34.68010 112443.031
34.70010 112868.375
34.72010 112303.914
34.74010 112063.625
34.76010 112238.398
34.78010 112106.891
34.80010 111706.938
34.82010 111892.133
34.84010 111615.664
34.86010 111781.430
34.88010 111451.109
34.90010 110986.617
34.92010 111180.289
34.94010 111026.039
34.96010 110727.359
34.98010 110583.039
35.00010 110337.734
