Id: "SH-124-B3" Phi: "0" Scantype: "2Theta-Theta" Anode: "Cu" Wavelength: "1.5406"
27.00010 208716.406
27.02010 208430.547
27.04010 208704.578
27.06010 207685.062
27.08010 208268.094
27.10010 207837.484
27.12010 207687.219
27.14010 207799.906
27.16010 207772.016
27.18010 207637.938
27.20010 207496.953
27.22010 206690.359
27.24010 206780.781
27.26010 206513.078
27.28010 207003.406
27.30010 207472.016
27.32010 207003.297
27.34010 206472.500
27.36010 206638.391
27.38010 206979.984
27.40010 206532.297
27.42010 206677.047
27.44010 205791.594
27.46010 206631.438
27.48010 205311.172
27.50010 206115.453
27.52010 206032.938
27.54010 205795.312
27.56010 205148.219
27.58010 204960.016
27.60010 204908.938
27.62010 205681.062
27.64010 205425.672
27.66010 205191.734
27.68010 205157.500
27.70010 205158.547
27.72010 204278.391
27.74010 204653.688
27.76010 205049.125
27.78010 203774.312
27.80010 204307.125
27.82010 204659.688
27.84010 204787.000
27.86010 204427.828
27.88010 204204.969
27.90010 204351.719
27.92010 203206.594
27.94010 203834.719
27.96010 204140.078
27.98010 204045.453
28.00010 203549.359
28.02010 203552.750
28.04010 203073.906
28.06010 203438.375
28.08010 203498.594
28.10010 202770.312
28.12010 203057.078
28.14010 202326.062
28.16010 203361.531
28.18010 202639.891
28.20010 202387.703
28.22010 202685.234
28.24010 202315.375
28.26010 202499.516
28.28010 202538.484
28.30010 202133.750
28.32010 202062.406
28.34010 201396.969
28.36010 202136.812
28.38010 201653.688
28.40010 201763.719
28.42010 201264.953
28.44010 201033.938
28.46010 201334.484
28.48010 201583.125
28.50010 201374.609
28.52010 200318.781
28.54010 200665.375
28.56010 200848.453
28.58010 200675.312
28.60010 201036.219
28.62010 200763.359
28.64010 201002.109
28.66010 200766.344
28.68010 199966.234
28.70010 199855.156
28.72010 199735.984
28.74010 200722.906
28.76010 200162.547
28.78010 199658.422
28.80010 199716.422
28.82010 199931.438
28.84010 199318.031
28.86010 200018.000
28.88010 198841.906
28.90010 199277.750
28.92010 199868.500
28.94010 199779.359
28.96010 199960.984
28.98010 199653.797
29.00010 200174.578
29.02010 199790.156
29.04010 200460.734
29.06010 199554.781
29.08010 199764.484
29.10010 201093.078
29.12010 200756.359
29.14010 201241.125
29.16010 201936.641
29.18010 202869.812
29.20010 205324.188
29.22010 206327.750
29.24010 209190.453
29.26010 210926.656
29.28010 213842.234
29.30010 216623.859
29.32010 220189.375
29.34010 222943.703
29.36010 226035.281
29.38010 228641.625
29.40010 230992.062
29.42010 233290.297
29.44010 233964.391
29.46010 234224.328
29.48010 232127.578
29.50010 230520.500
29.52010 228886.938
29.54010 226882.734
29.56010 222843.359
29.58010 218815.328
29.60010 215633.719
29.62010 212294.234
29.64010 208724.234
29.66010 205970.703
29.68010 203753.469
29.70010 201946.312
29.72010 199486.406
29.74010 198188.609
29.76010 197009.062
29.78010 195556.000
29.80010 194780.234
29.82010 194604.359
29.84010 193153.016
29.86010 192918.203
29.88010 192864.609
29.90010 192311.109
29.92010 192353.906
29.94010 191357.266
29.96010 190219.016
29.98010 190250.531
30.00010 190057.719
30.02010 190122.812
30.04010 188842.406
30.06010 188424.922
30.08010 188248.812
30.10010 188235.875
30.12010 187549.047
30.14010 188035.750
30.16010 187471.656
30.18010 186728.016
30.20010 186597.172
30.22010 186659.922
30.24010 186051.062
30.26010 186485.797
30.28010 185731.141
30.30010 185832.234
30.32010 185435.047
30.34010 184815.156
30.36010 184588.328
30.38010 184764.531
30.40010 185089.656
30.42010 184339.031
30.44010 183620.703
30.46010 184013.703
30.48010 184238.484
30.50010 183224.062
30.52010 182913.547
30.54010 182765.031
30.56010 182282.578
30.58010 182686.141
30.60010 182536.281
30.62010 183045.250
30.64010 182369.906
30.66010 182010.562
30.68010 181875.125
30.70010 181104.750
30.72010 181265.672
30.74010 179887.500
30.76010 181074.516
30.78010 180809.734
30.80010 180546.219
30.82010 179628.469
30.84010 179125.969
30.86010 179271.672
30.88010 179144.516
30.90010 179521.188
30.92010 178361.594
30.94010 178958.219
30.96010 178434.453
30.98010 177811.359
31.00010 177668.625
31.02010 178220.625
31.04010 177284.656
31.06010 177524.812
31.08010 177201.359
31.10010 176728.391
31.12010 176400.031
31.14010 176459.375
31.16010 175943.641
31.18010 175388.969
31.20010 175650.078
31.22010 175654.828
31.24010 175434.000
31.26010 175749.938
31.28010 174985.562
31.30010 175488.922
31.32010 175032.062
31.34010 174451.969
31.36010 174959.078
31.38010 174719.266
31.40010 175314.891
31.42010 175494.375
31.44010 174949.266
31.46010 175624.109
31.48010 175363.312
31.50010 174416.047
31.52010 174456.391
31.54010 174701.641
31.56010 173849.016
31.58010 172904.391
31.60010 172982.250
31.62010 172414.016
31.64010 171618.797
31.66010 171451.625
31.68010 170599.391
31.70010 169982.969
31.72010 169538.219
31.74010 169442.312
31.76010 169138.484
31.78010 169290.500
31.80010 168671.156
31.82010 168176.359
31.84010 168515.703
31.86010 167489.312
31.88010 168010.969
31.90010 167769.531
31.92010 167087.438
31.94010 166370.547
31.96010 166610.297
31.98010 165488.703
32.00010 165982.656
32.02010 165505.031
32.04010 165316.578
32.06010 164820.375
32.08010 165084.203
32.10010 164457.641
32.12010 165017.703
32.14010 164579.469
32.16010 164357.500
32.18010 163902.406
32.20010 163861.812
32.22010 163856.766
32.24010 163869.297
32.26010 163097.750
32.28010 162633.656
32.30010 162316.062
32.32010 161994.062
32.34010 161654.531
32.36010 161236.688
32.38010 160981.828
32.40010 160943.188
32.42010 160593.297
32.44010 160454.516
32.46010 159763.641
32.48010 160388.219
32.50010 160308.391
32.52010 159470.750
32.54010 159722.875
32.56010 159032.797
32.58010 159325.922
32.60010 158155.359
32.62010 158741.500
32.64010 158435.953
32.66010 157757.781
32.68010 157767.906
32.70010 157056.031
32.72010 157191.422
32.74010 156672.828
32.76010 156915.141
32.78010 156285.781
32.80010 156436.812
32.82010 155537.266
32.84010 155879.000
32.86010 155407.031
32.88010 155122.984
32.90010 155071.516
32.92010 154848.031
32.94010 154345.719
32.96010 154419.984
32.98010 153718.938
33.00010 153406.750
33.02010 153313.000
33.04010 153172.359
33.06010 153346.688
33.08010 152798.234
33.10010 152439.656
33.12010 151768.031
33.14010 152014.734
33.16010 151739.062
33.18010 151787.328
33.20010 151226.828
33.22010 151017.734
33.24010 150653.062
33.26010 150139.047
33.28010 149948.953
33.30010 150056.234
33.32010 149921.984
33.34010 149748.594
33.36010 149183.328
33.38010 149082.578
33.40010 148510.719
33.42010 148738.266
33.44010 148171.719
33.46010 147812.438
33.48010 148322.047
33.50010 148018.344
33.52010 147406.406
33.54010 147594.953
33.56010 146958.953
33.58010 146942.391
33.60010 146668.047
33.62010 146663.391
33.64010 146838.812
33.66010 146759.406
33.68010 146478.203
33.70010 145049.141
33.72010 145102.797
33.74010 144539.781
33.76010 144553.719
33.78010 144026.406
33.80010 143965.531
33.82010 144063.719
33.84010 143291.438
33.86010 143074.141
33.88010 142858.234
33.90010 142986.906
33.92010 142734.016
33.94010 142440.797
33.96010 141856.031
33.98010 142346.891
34.00010 141450.406
34.02010 142650.734
34.04010 141111.250
34.06010 141262.656
34.08010 141453.031
34.10010 140906.344
34.12010 140264.984
34.14010 139956.031
34.16010 140314.062
34.18010 139988.359
34.20010 139809.188
34.22010 139368.969
34.24010 138966.328
34.26010 138892.141
34.28010 139245.250
34.30010 138744.781
34.32010 138211.641
34.34010 138414.609
34.36010 138369.281
34.38010 137374.641
34.40010 137410.578
34.42010 137482.938
34.44010 137437.125
34.46010 137058.297
34.48010 136672.844
34.50010 136241.109
34.52010 136371.734
34.54010 135330.094
34.56010 136091.859
34.58010 135360.578
34.60010 134946.266
34.62010 135018.875
34.64010 135112.812
34.66010 134874.891
34.68010 134574.953
34.70010 134593.859
34.72010 134233.438
34.74010 134228.875
34.76010 133468.375
34.78010 133369.719
34.80010 133822.359
34.82010 133200.359
34.84010 133361.406
34.86010 132942.906
34.88010 133171.531
34.90010 132984.734
34.92010 132250.516
34.94010 132027.672
34.96010 131450.234
34.98010 131932.828
35.00010 131534.141
