Id: "SH-124-B3" Phi: "150" Scantype: "2Theta-Theta" Anode: "Cu" Wavelength: "1.5406"
27.00010 168973.734
27.02010 168886.703
27.04010 168105.422
27.06010 167584.297
27.08010 168501.625
27.10010 168444.375
27.12010 167923.062
27.14010 167879.219
27.16010 167582.000
27.18010 166573.609
27.20010 167202.875
27.22010 167447.594
27.24010 167134.812
27.26010 167689.172
27.28010 167050.359
27.30010 166265.922
27.32010 166411.844
27.34010 166639.531
27.36010 165283.109
27.38010 165277.969
27.40010 165579.281
27.42010 166033.609
27.44010 165518.266
27.46010 165188.875
27.48010 165011.828
27.50010 165070.781
27.52010 165107.281
27.54010 165092.188
27.56010 164900.594
27.58010 164081.328
27.60010 164795.359
27.62010 164629.312
27.64010 164604.141
27.66010 164018.047
27.68010 163117.297
27.70010 163716.031
27.72010 163979.297
27.74010 163470.938
27.76010 163713.906
27.78010 163179.656
27.80010 162953.641
27.82010 163079.391
27.84010 163287.406
27.86010 163506.562
27.88010 162647.188
27.90010 162456.844
27.92010 162433.297
27.94010 162362.641
27.96010 161975.375
27.98010 162524.734
28.00010 161667.172
28.02010 161323.984
28.04010 161618.016
28.06010 161445.578
28.08010 161128.562
28.10010 161374.531
28.12010 161008.047
28.14010 160761.391
28.16010 160777.469
28.18010 160391.672
28.20010 160723.500
28.22010 160449.219
28.24010 160232.562
28.26010 160686.078
28.28010 161106.906
28.30010 160822.031
28.32010 160062.031
28.34010 160074.297
28.36010 160022.344
28.38010 160435.953
28.40010 160208.234
28.42010 159692.641
28.44010 159658.250
28.46010 159178.953
28.48010 158705.266
28.50010 159716.984
28.52010 159124.984
28.54010 158606.562
28.56010 158257.922
28.58010 158297.594
28.60010 157935.234
28.62010 158367.156
28.64010 157947.172
28.66010 157896.609
28.68010 158398.062
28.70010 157880.938
28.72010 158453.234
28.74010 158204.328
28.76010 157813.562
28.78010 157362.406
28.80010 157565.828
28.82010 157624.453
28.84010 157500.172
28.86010 157111.500
28.88010 157944.000
28.90010 158096.141
28.92010 158391.234
28.94010 157666.438
28.96010 158352.469
28.98010 158065.531
29.00010 158219.516
29.02010 158936.953
29.04010 159139.641
29.06010 159011.922
29.08010 159367.891
29.10010 160168.594
29.12010 161247.953
29.14010 161511.953
29.16010 163453.156
29.18010 165979.984
29.20010 167459.125
29.22010 169901.156
29.24010 174016.359
29.26010 175660.219
29.28010 178790.625
29.30010 181905.406
29.32010 184711.703
29.34010 186533.547
29.36010 187901.547
29.38010 189122.500
29.40010 189592.719
29.42010 188076.344
29.44010 187474.328
29.46010 184781.984
29.48010 182945.125
29.50010 180233.969
29.52010 177398.812
29.54010 173792.000
29.56010 171284.938
29.58010 168146.391
29.60010 165392.609
29.62010 163657.359
29.64010 161281.766
29.66010 158943.859
29.68010 157782.000
29.70010 156182.859
29.72010 154680.125
29.74010 154194.750
29.76010 153338.688
29.78010 152726.469
29.80010 151834.469
29.82010 150999.375
29.84010 150783.422
29.86010 150731.969
29.88010 150637.641
29.90010 150666.266
29.92010 149066.359
29.94010 148728.797
29.96010 148970.453
29.98010 148544.109
30.00010 149088.594
30.02010 148262.016
30.04010 148224.250
30.06010 147332.016
30.08010 147017.250
30.10010 146620.500
30.12010 147339.578
30.14010 146726.969
30.16010 146568.141
30.18010 146113.219
30.20010 146185.016
30.22010 145720.656
30.24010 145944.719
30.26010 145577.875
30.28010 145663.891
30.30010 144965.078
30.32010 145312.875
30.34010 144683.188
30.36010 144207.938
30.38010 144397.891
30.40010 144618.188
30.42010 144325.312
30.44010 143928.391
30.46010 144265.359
30.48010 143220.188
30.50010 142984.688
30.52010 142900.594
30.54010 143326.562
30.56010 143664.141
30.58010 142857.312
30.60010 142640.359
30.62010 142681.078
30.64010 142656.250
30.66010 142031.797
30.68010 142178.953
30.70010 141709.922
30.72010 141724.234
30.74010 141682.438
30.76010 141316.625
30.78010 140660.906
30.80010 140545.172
30.82010 140484.438
30.84010 140654.031
30.86010 140550.766
30.88010 140053.891
30.90010 139910.781
30.92010 139633.688
30.94010 139445.031
30.96010 139298.062
30.98010 139438.281
31.00010 138928.812
31.02010 138710.688
31.04010 139169.609
31.06010 139027.328
31.08010 138451.406
31.10010 138531.047
31.12010 139102.781
31.14010 138975.625
31.16010 139285.891
31.18010 138748.109
31.20010 138932.406
31.22010 139044.844
31.24010 138582.844
31.26010 139572.828
31.28010 139236.062
31.30010 139094.734
31.32010 139578.438
31.34010 139628.359
31.36010 140183.266
31.38010 139547.750
31.40010 139946.469
31.42010 139435.047
31.44010 138709.125
31.46010 138318.656
31.48010 138166.766
31.50010 138588.438
31.52010 137690.656
31.54010 136969.953
31.56010 136695.875
31.58010 135980.844
31.60010 135719.031
31.62010 134924.531
31.64010 135018.094
31.66010 134813.750
31.68010 134171.109
31.70010 134063.328
31.72010 133710.328
31.74010 134037.594
31.76010 133549.438
31.78010 133309.594
31.80010 131893.734
31.82010 132961.656
31.84010 132627.141
31.86010 132908.203
31.88010 132570.906
31.90010 132395.359
31.92010 132407.547
31.94010 132235.188
31.96010 131332.266
31.98010 131441.297
32.00010 132107.875
32.02010 131391.594
32.04010 131338.266
32.06010 131476.203
32.08010 130810.227
32.10010 131014.188
32.12010 131138.734
32.14010 129988.117
32.16010 130339.664
32.18010 129968.164
32.20010 129511.430
32.22010 129945.586
32.24010 129743.953
32.26010 128887.438
32.28010 128877.070
32.30010 129295.562
32.32010 128814.664
32.34010 128445.852
32.36010 128628.242
32.38010 128536.727
32.40010 128084.445
32.42010 128294.977
32.44010 127600.086
32.46010 127547.984
32.48010 127422.867
32.50010 127150.289
32.52010 127802.695
32.54010 127339.672
32.56010 126647.703
32.58010 127178.922
32.60010 127444.164
32.62010 127002.133
32.64010 126781.789
32.66010 126466.008
32.68010 126031.109
32.70010 125860.273
32.72010 125933.031
32.74010 126147.336
32.76010 125892.266
32.78010 124849.609
32.80010 125305.898
32.82010 125164.977
32.84010 124944.070
32.86010 124681.523
32.88010 124623.547
32.90010 124526.016
32.92010 124498.109
32.94010 124451.242
32.96010 124367.203
32.98010 124036.883
33.00010 123902.672
33.02010 123818.688
33.04010 123421.180
33.06010 122950.258
33.08010 123818.945
33.10010 123221.117
33.12010 123187.336
33.14010 123375.055
33.16010 122819.141
33.18010 122360.125
33.20010 122440.375
33.22010 122411.023
33.24010 121818.227
33.26010 121500.234
33.28010 121609.508
33.30010 122159.977
33.32010 121567.641
33.34010 121809.992
33.36010 121243.359
33.38010 120968.031
33.40010 121437.133
33.42010 120837.570
33.44010 120741.445
33.46010 120838.648
33.48010 120739.742
33.50010 120098.516
33.52010 119946.336
33.54010 119886.023
33.56010 119508.672
33.58010 119798.211
33.60010 119586.438
33.62010 119489.656
33.64010 119315.047
33.66010 118927.555
33.68010 119309.664
33.70010 118704.742
33.72010 118282.078
33.74010 118805.812
33.76010 118704.508
33.78010 118319.344
33.80010 118644.836
33.82010 118162.148
33.84010 117790.977
33.86010 117909.969
33.88010 117903.461
33.90010 117061.344
33.92010 117101.078
33.94010 117246.047
33.96010 117115.703
33.98010 117307.570
34.00010 116553.023
34.02010 116362.414
34.04010 116566.656
34.06010 116735.680
34.08010 116417.664
34.10010 115708.633
34.12010 115778.680
34.14010 116157.148
34.16010 116168.805
34.18010 115725.195
34.20010 115354.375
34.22010 114911.648
34.24010 115033.188
34.26010 115526.852
34.28010 114826.531
34.30010 115318.219
34.32010 114595.469
34.34010 114193.508
34.36010 114056.930
34.38010 113968.289
34.40010 114276.609
34.42010 114345.805
34.44010 114028.008
34.46010 113863.562
34.48010 113563.781
34.50010 113649.562
34.52010 113307.945
34.54010 113271.586
34.56010 112932.750
34.58010 113284.781
34.60010 112716.672
34.62010 112953.266
34.64010 112503.758
34.66010 112599.617
34.68010 112858.781
34.70010 112949.062
34.72010 112494.938
34.74010 112175.484
34.76010 111585.094
34.78010 111616.727
34.80010 111657.234
34.82010 110874.828
34.84010 111339.422
34.86010 111194.805
34.88010 111468.117
34.90010 110768.641
34.92010 110779.516
34.94010 110932.352
34.96010 110599.414
34.98010 110755.867
35.00010 110438.812
