Id: "SH-124-B3" Phi: "180" Scantype: "2Theta-Theta" Anode: "Cu" Wavelength: "1.5406"
27.00010 164997.594
27.02010 164108.312
27.04010 163694.234
27.06010 163878.719
27.08010 163359.844
27.10010 163936.594
27.12010 163595.578
27.14010 162949.203
27.16010 162844.000
27.18010 162880.578
27.20010 163732.922
27.22010 162947.844
27.24010 162928.234
27.26010 162573.625
27.28010 162815.297
27.30010 162642.344
27.32010 162090.031
27.34010 162120.625
27.36010 162504.062
27.38010 161358.953
27.40010 161353.172
27.42010 160908.406
27.44010 161133.500
27.46010 161360.562
27.48010 161555.562
27.50010 160814.312
27.52010 161291.984
27.54010 161381.812
27.56010 160085.594
27.58010 159461.750
27.60010 160914.531
27.62010 160345.844
27.64010 160112.781
27.66010 160195.109
27.68010 159377.078
27.70010 159641.906
27.72010 158990.375
27.74010 159670.391
27.76010 159020.219
27.78010 159216.203
27.80010 158890.328
27.82010 158232.312
27.84010 158791.016
27.86010 159322.828
27.88010 158653.031
27.90010 158698.453
27.92010 158285.859
27.94010 158579.734
27.96010 158336.453
27.98010 158412.141
28.00010 157825.094
28.02010 158019.562
28.04010 157079.109
28.06010 157580.500
28.08010 157567.875
28.10010 157222.469
28.12010 157010.875
28.14010 156782.078
28.16010 156849.844
28.18010 156828.484
28.20010 156162.922
28.22010 156299.469
28.24010 156372.219
28.26010 156585.344
28.28010 156188.562
28.30010 155616.469
28.32010 155958.453
28.34010 155640.484
28.36010 155784.047
28.38010 155684.469
28.40010 155304.047
28.42010 155758.328
28.44010 155512.750
28.46010 154485.953
28.48010 155626.734
28.50010 155333.422
28.52010 155367.016
28.54010 154803.672
28.56010 153494.969
28.58010 154335.422
28.60010 154604.062
28.62010 154694.438
28.64010 154416.906
28.66010 154108.859
28.68010 154332.125
28.70010 154425.781
28.72010 154295.594
28.74010 153906.578
28.76010 153639.344
28.78010 153751.703
28.80010 154007.125
28.82010 153960.531
28.84010 153940.141
28.86010 153982.344
28.88010 153404.156
28.90010 153029.219
28.92010 153576.016
28.94010 153722.109
28.96010 154623.422
28.98010 154090.609
29.00010 153541.719
29.02010 154243.156
29.04010 154595.344
29.06010 154929.453
29.08010 155201.297
29.10010 155970.094
29.12010 156552.828
29.14010 158178.469
29.16010 158900.797
29.18010 160934.391
29.20010 163297.312
29.22010 165567.750
29.24010 167740.234
29.26010 170899.844
29.28010 174665.016
29.30010 177706.672
29.32010 181158.812
29.34010 183368.203
29.36010 185516.422
29.38010 186425.578
29.40010 186497.219
29.42010 186142.109
29.44010 185359.344
29.46010 183345.672
29.48010 181266.609
29.50010 178541.766
29.52010 175378.188
29.54010 172673.906
29.56010 169197.156
29.58010 166385.266
29.60010 163479.984
29.62010 160771.297
29.64010 158126.969
29.66010 156037.516
29.68010 154776.969
29.70010 153618.125
29.72010 151769.469
29.74010 150883.234
29.76010 149893.453
29.78010 149309.938
29.80010 148451.109
29.82010 147939.750
29.84010 146586.438
29.86010 146346.922
29.88010 147109.594
29.90010 145895.266
29.92010 145738.203
29.94010 145805.766
29.96010 145074.719
29.98010 144305.484
30.00010 144479.328
30.02010 143795.500
30.04010 143899.828
30.06010 143995.438
30.08010 144251.094
30.10010 143273.781
30.12010 143462.625
30.14010 143127.750
30.16010 142325.812
30.18010 142147.688
30.20010 141899.062
30.22010 141956.578
30.24010 141844.594
30.26010 141491.781
30.28010 140681.797
30.30010 141237.125
30.32010 140444.547
30.34010 140671.828
30.36010 141216.516
30.38010 141470.453
30.40010 140745.438
30.42010 140475.500
30.44010 139754.812
30.46010 140014.094
30.48010 139498.766
30.50010 138893.516
30.52010 139849.875
30.54010 138748.406
30.56010 138794.375
30.58010 138603.469
30.60010 138520.766
30.62010 139005.609
30.64010 138678.734
30.66010 137098.422
30.68010 137221.547
30.70010 137818.266
30.72010 137910.359
30.74010 138259.281
30.76010 137890.328
30.78010 137465.266
30.80010 136768.719
30.82010 136803.500
30.84010 136608.859
30.86010 136522.797
30.88010 136530.688
30.90010 136381.109
30.92010 135818.406
30.94010 135909.578
30.96010 135283.938
30.98010 135241.734
31.00010 136040.766
31.02010 135041.109
31.04010 134908.984
31.06010 134589.172
31.08010 134794.266
31.10010 134966.531
31.12010 135080.234
31.14010 134810.516
31.16010 134593.578
31.18010 134463.750
31.20010 134244.734
31.22010 134260.625
31.24010 134152.641
31.26010 134551.141
31.28010 135141.344
31.30010 134152.094
31.32010 134641.516
31.34010 135201.391
31.36010 134785.188
31.38010 134684.328
31.40010 134624.578
31.42010 134194.203
31.44010 134821.484
31.46010 133993.469
31.48010 134037.797
31.50010 133140.828
31.52010 133184.328
31.54010 132787.500
31.56010 132674.938
31.58010 131841.750
31.60010 131691.172
31.62010 131710.281
31.64010 130825.789
31.66010 130331.406
31.68010 130502.891
31.70010 130788.516
31.72010 130396.461
31.74010 130345.578
31.76010 129795.031
31.78010 129371.102
31.80010 129474.914
31.82010 129090.133
31.84010 128952.312
31.86010 129010.641
31.88010 129561.727
31.90010 128893.148
31.92010 127850.648
31.94010 128199.172
31.96010 128103.812
31.98010 128282.578
32.00010 127375.984
32.02010 128000.812
32.04010 127379.195
32.06010 127628.195
32.08010 127400.023
32.10010 126910.781
32.12010 127079.578
32.14010 126792.211
32.16010 126800.570
32.18010 126489.695
32.20010 126376.008
32.22010 125469.227
32.24010 126372.492
32.26010 126453.914
32.28010 126045.641
32.30010 126275.281
32.32010 126197.227
32.34010 126045.219
32.36010 125523.828
32.38010 125377.344
32.40010 125290.328
32.42010 124698.836
32.44010 124261.930
32.46010 124597.242
32.48010 124343.586
32.50010 124140.711
32.52010 124200.133
32.54010 123486.719
32.56010 124140.633
32.58010 124211.180
32.60010 123846.672
32.62010 123471.266
32.64010 123272.961
32.66010 123438.133
32.68010 123112.688
32.70010 123409.633
32.72010 122811.852
32.74010 123154.859
32.76010 122101.570
32.78010 121863.711
32.80010 122171.906
32.82010 122180.250
32.84010 122350.367
32.86010 121242.758
32.88010 121489.383
32.90010 121639.789
32.92010 121621.906
32.94010 121419.883
32.96010 121069.531
32.98010 121218.312
33.00010 121006.398
33.02010 120444.898
33.04010 121001.781
33.06010 120425.836
33.08010 120125.977
33.10010 120076.641
33.12010 120277.555
33.14010 119938.969
33.16010 119923.336
33.18010 119402.797
33.20010 119671.570
33.22010 119293.703
33.24010 119140.547
33.26010 118663.680
33.28010 118628.695
33.30010 118553.531
33.32010 118653.039
33.34010 118397.812
33.36010 118074.070
33.38010 118842.734
33.40010 117937.641
33.42010 117959.758
33.44010 118270.086
33.46010 118254.422
33.48010 117708.227
33.50010 117648.930
33.52010 117282.430
33.54010 116966.477
33.56010 116807.727
33.58010 117163.609
33.60010 116515.719
33.62010 116506.016
33.64010 116471.305
33.66010 115901.516
33.68010 116461.805
33.70010 116339.039
33.72010 116286.484
33.74010 116159.648
33.76010 115157.617
33.78010 115731.328
33.80010 115638.562
33.82010 115715.562
33.84010 115689.133
33.86010 114891.258
33.88010 115379.242
33.90010 115216.547
33.92010 114323.031
33.94010 114690.383
33.96010 114654.289
33.98010 113991.781
34.00010 114301.500
34.02010 114535.938
34.04010 113784.453
34.06010 113897.492
34.08010 113560.797
34.10010 113386.242
34.12010 113569.398
34.14010 113435.719
34.16010 113589.953
34.18010 113708.711
34.20010 112638.594
34.22010 112048.977
34.24010 113429.883
34.26010 112421.195
34.28010 112135.898
34.30010 111993.758
34.32010 111989.484
34.34010 112052.828
34.36010 111750.086
34.38010 112009.086
34.40010 112054.086
34.42010 111639.648
34.44010 110950.445
34.46010 111210.945
34.48010 111431.766
34.50010 111143.367
34.52010 110618.102
34.54010 110374.242
34.56010 110592.203
34.58010 111023.273
34.60010 111337.164
34.62010 110760.688
34.64010 110288.344
34.66010 110144.047
34.68010 110373.516
34.70010 110111.250
34.72010 110329.023
34.74010 109616.844
34.76010 108997.266
34.78010 109395.953
34.80010 109366.305
34.82010 109757.023
34.84010 108952.844
34.86010 108846.008
34.88010 108743.180
34.90010 109276.242
34.92010 108671.938
34.94010 108681.898
34.96010 108288.375
34.98010 108027.594
35.00010 108564.430
