   h    k    l      d (Å)      F(real)      F(imag)          |F|         2θ          I    M ID(λ) Phase
   0    1    2   3.854081    33.839475     7.328126      34.6239   23.05814    9.39670    6     1     1
   1    0    4   3.039249   145.593948     7.665377      145.796   29.36347  100.00000    6     1     1
   0    0    6   2.853500   -35.691581     6.829972      36.3392   31.32234    1.80284    2     1     1
   1    1    0   2.492000    68.753450     7.185496      69.1279   36.01093   14.45404    6     1     1
   1    1    3   2.283771    59.598971     0.356941         59.6   39.42389   17.59694   12     1     1
   2    0    2   2.092659    89.249417     7.320935      89.5492   43.19631   16.19569    6     1     1
   0    2    4   1.927041    63.416547     6.965394      63.7979   47.12263    6.75457    6     1     1
   0    1    8   1.917376   110.242233     7.273589      110.482   47.37465   20.01308    6     1     1
   1    1    6   1.876989    81.237822     7.177023      81.5542   48.45860   20.71806   12     1     1
   2    1    1   1.624041   -38.754748    -0.308043       38.756   56.62867    3.28247   12     1     1
   1    2    2   1.602556    66.549084     6.906950      66.9066   57.45801    9.46613   12     1     1
   1    0   10   1.591470    33.245832     6.614483      33.8974   57.89600    1.19424    6     1     1
   2    1    4   1.524423    54.468134     6.627394      54.8698   60.70303    5.62748   12     1     1
   2    0    8   1.519625    48.515717     6.565468      48.9579   60.91501    2.22275    6     1     1
   1    1    9   1.512103   -35.761538    -0.305463      35.7628   61.25049    2.34333   12     1     1
   1    2    5   1.472786   -34.669063    -0.304378      34.6704   63.07008    2.06449   12     1     1
   3    0    0   1.438757    87.274396     6.838313      87.5419   64.74076    6.21670    6     1     1
   0    0   12   1.426750   113.324588     7.044227      113.543   65.35310    3.41599    2     1     1
   2    1    7   1.357193    27.824089     0.266713      27.8254   69.16133    1.09277   12     1     1
   0    2   10   1.341283    53.721066     6.518855      54.1151   70.10103    2.01069    6     1     1
   1    2    8   1.297424    49.721832     6.310468      50.1207   72.84179    3.19894   12     1     1
   3    0    6   1.284694    25.498468     6.162680      26.2326   73.68185    0.42873    6     1     1
   0    3    6   1.284694    22.944648     6.136668      23.7511   73.68185    0.35145    6     1     1
   2    2    0   1.246000    48.754030     6.229619      49.1504   76.37186    1.41022    6     1     1
   1    1   12   1.238177    44.207001     6.149534      44.6327   76.94244    2.29595   12     1     1
   2    2    3   1.217325    -4.160940    -0.045017      4.16118   78.51079    0.01929   12     1     1
   1    3    1   1.194202     3.347970     0.037011      3.34817   80.33585    0.01205   12     1     1
   3    1    2   1.185582    21.700433     5.939191      22.4985   81.04102    0.53685   12     1     1
   2    1   10   1.181072    48.359608     6.215704      48.7574   81.41552    2.50436   12     1     1
   0    1   14   1.176613    25.391630     5.937009      26.0765   81.78965    0.35581    6     1     1
   1    3    4   1.152876    66.991417     6.269792      67.2842   83.84918    4.58088   12     1     1
   2    2    6   1.141885    43.389685     6.091071      43.8151   84.84355    1.91426   12     1     1
   3    1    5   1.130049     5.476489     0.064412      5.47687   85.94523    0.02946   12     1     1
   1    2   11   1.126142    21.793381     0.257318      21.7949   86.31619    0.46437   12     1     1
   1    3    7   1.075235    -0.369706    -0.004595     0.369735   91.51579    0.00013   12     1     1
   0    4    2   1.070596     2.318932     5.423521      5.89848   92.02685    0.01610    6     1     1
   2    0   14   1.063978    45.170179     5.919493      45.5564   92.76774    0.95586    6     1     1
   4    0    4   1.046329    76.898338     6.182696      77.1465   94.81560    2.71476    6     1     1
   3    1    8   1.044774    59.618309     5.951938      59.9147   95.00134    3.27272   12     1     1
   2    2    9   1.042320     3.004349     0.038637       3.0046   95.29618    0.00822   12     1     1
   1    0   16   1.038621    53.666134     5.837466      53.9827   95.74485    1.32534    6     1     1
   1    1   15   1.037728    17.311411     0.223702      17.3129   95.85399    0.27256   12     1     1
   2    1   13   1.024753   -15.081232    -0.197554      15.0825   97.47391    0.20627   12     1     1
   3    0   12   1.013083    53.957788     5.789489      54.2675   98.98991    1.33480    6     1     1
   0    3   12   1.013083    57.072141     5.830790      57.3692   98.98991    1.49174    6     1     1
   3    2    1   0.988568    19.494495     0.265350      19.4963  102.37550    0.34714   12     1     1
   2    3    2   0.983661    38.172280     5.633196      38.5857  103.08893    1.36373   12     1     1
   1    3   10   0.981081    20.146188     5.366968      20.8488  103.46921    0.39884   12     1     1
   1    2   14   0.978521    34.579784     5.546057      35.0217  103.85010    1.12755   12     1     1
   3    2    4   0.964740    35.796638     5.415903       36.204  105.96466    1.22054   12     1     1
   0    4    8   0.963520    66.608190     5.837285      66.8635  106.15723    2.08439    6     1     1
   0    2   16   0.958688    37.923613     5.398934       38.306  106.92944    0.68809    6     1     1
   2    3    5   0.951244    16.686285     0.236402       16.688  108.14846    0.26385   12     1     1
   0    0   18   0.951167     7.864912     5.065515      9.35501  108.16135    0.01382    2     1     1
   3    1   11   0.948910    -5.307805    -0.075387      5.30834  108.53839    0.02679   12     1     1
   4    1    0   0.941888    47.762072     5.513088      48.0792  109.73474    2.22315   12     1     1
   2    2   12   0.938495    36.015153     5.317308      36.4056  110.32566    1.28244   12     1     1
   4    1    3   0.929316    -2.585701    -0.037510      2.58597  111.96882    0.00659   12     1     1
   1    4    3   0.929316    -1.119811    -0.016245      1.11993  111.96882    0.00124   12     1     1
   3    2    7   0.917852   -17.379526    -0.255262      17.3814  114.11961    0.30589   12     1     1
   4    0   10   0.912883     4.792866     4.896097      6.85152  115.08852    0.02408    6     1     1
   2    3    8   0.898685    31.052480     5.108750      31.4699  117.99337    1.06116   12     1     1
   2    1   16   0.894760    32.146357     5.089481      32.5468  118.83500    1.15056   12     1     1
   1    4    6   0.894422    21.231904     5.072880      21.8295  118.90834    0.51821   12     1     1
   4    1    6   0.894422    19.667794     5.049317      20.3056  118.90834    0.44838   12     1     1
   1    1   18   0.888636    31.649079     5.176620      32.0696  120.18470    1.14274   12     1     1
   1    3   13   0.885847    -1.282152    -0.019495       1.2823  120.81482    0.00185   12     1     1
   5    0    2   0.858898    22.817291     4.951186      23.3483  127.49220    0.34886    6     1     1
   3    2   10   0.857179    28.781419     5.027251      29.2172  127.96014    1.10362   12     1     1
   1    2   17   0.856973   -11.864947    -0.186117      11.8664  128.01642    0.18227   12     1     1
   3    1   14   0.855470    16.252892     4.813181      16.9506  128.43109    0.37529   12     1     1
